jplg0060.21i
     1.0            IONOSPHERE MAPS     GPS                 IONEX VERSION / TYPE
GIM V3.0            JPL - GNISD         09-jan-2021 02:28   PGM / RUN BY / DATE 
JPL'S GLOBAL IONOSPHERE MAPS YEAR 2021 DAY 006              COMMENT             
Global Ionospheric Maps (GIM) are generated on an hourly    DESCRIPTION         
and daily basis at JPL using data from up to 100 GPS sites  DESCRIPTION         
of the IGS and others institutions.                         DESCRIPTION         
The vertical TEC is modeled in a solar-geomagnetic          DESCRIPTION         
reference frame using bi-cubic splines on a spherical grid. DESCRIPTION         
A Kalman filter is used to solve simultaneously for         DESCRIPTION         
instrumental biases and VTEC on the grid (as stochastic     DESCRIPTION         
parameters).                                                DESCRIPTION         
Contact Address:  gpsiono@cobra.jpl.nasa.gov .              DESCRIPTION         
  2021     1     6     0     0     0                        EPOCH OF FIRST MAP  
  2021     1     7     0     0     0                        EPOCH OF LAST MAP   
  7200                                                      INTERVAL            
    13                                                      # OF MAPS IN FILE   
  NONE                                                      MAPPING FUNCTION    
    10.0                                                    ELEVATION CUTOFF    
One-way carrier phase leveled to code                       OBSERVABLES USED    
   170                                                      # OF STATIONS       
    31                                                      # OF SATELLITES     
  6371.0                                                    BASE RADIUS         
     2                                                      MAP DIMENSION       
   450.0 450.0   0.0                                        HGT1 / HGT2 / DHGT  
    87.5 -87.5  -2.5                                        LAT1 / LAT2 / DLAT  
  -180.0 180.0   5.0                                        LON1 / LON2 / DLON  
    -1                                                      EXPONENT            
TEC/RMS values in 0.1 TECU; 9999, if no value available     COMMENT             
                                                            END OF HEADER       
[from data line 3861]
    10                                                      START OF TEC MAP    
  2021     1     6    18     0     0                        EPOCH OF CURRENT MAP
    87.5-180.0 180.0   5.0 450.0                            LAT/LON1/LON2/DLON/H
   19   19   19   19   19   19   19   19   19   19   19   19   19   19   19   19
   19   19   20   20   20   20   20   21   21   21   21   21   21   22   22   22
   22   22   22   22   22   23   23   23   23   23   23   23   23   23   23   23
   23   23   23   23   23   23   23   22   22   22   22   22   22   21   21   21
   21   21   20   20   20   20   20   20   19
    85.0-180.0 180.0   5.0 450.0                            LAT/LON1/LON2/DLON/H
   21   21   21   21   20   20   20   20   20   20   20   20   20   21   21   21
   21   21   22   22   22   22   23   23   23   23   24   24   24   24   24   25
   25   25   25   25   25   26   26   26   26   26   26   26   26   26   26   26
   26   26   26   26   26   26   26   26   26   25   25   25   25   25   24   24
   24   23   23   23   22   22   22   22   21
    82.5-180.0 180.0   5.0 450.0                            LAT/LON1/LON2/DLON/H
   26   25   25   25   25   24   24   24   24   24   24   25   25   25   26   26
   26   26   26   26   26   26   26   27   27   27   27   27   27   27   28   28
   28   28   28   29   29   29   29   28   28   28   28   28   28   28   28   28
   28   29   29   29   29   29   29   29   29   29   29   29   28   28   28   28
   27   27   27   27   26   26   26   26   26
    80.0-180.0 180.0   5.0 450.0                            LAT/LON1/LON2/DLON/H
   31   31   31   30   30   30   29   29   29   29   29   30   31   31   32   33
   33   34   33   33   33   32   31   31   30   30   30   29   29   30   30   30
   30   31   31   31   31   31   31   31   30   30   30   30   30   30   30   30
   30   30   31   31   31   31   32   32   32   32   32   31   31   31   31   31
   31   31   31   31   31   31   31   31   31
    77.5-180.0 180.0   5.0 450.0                            LAT/LON1/LON2/DLON/H
   35   35   35   35   34   33   32   32   32   32   33   35   37   39   40   42
   43   43   43   42   40   39   37   35   33   32   31   31   30   30   30   31
   31   31   32   32   32   32   32   32   32   31   31   31   30   30   30   30
   31   31   31   32   32   32   32   33   33   33   33   33   33   33   33   33
   33   33   33   33   33   34   34   35   35
    75.0-180.0 180.0   5.0 450.0                            LAT/LON1/LON2/DLON/H
   37   38   38   37   36   34   33   32   33   34   36   40   43   47   50   53
   54   54   53   51   49   46   42   39   37   34   32   31   30   30   30   30
   30   30   31   31   31   32   32   32   31   31   30   30   30   30   30   30
   30   31   31   31   32   32   32   32   32   32   32   32   32   32   32   32
   32   32   32   32   33   34   35   36   37
    72.5-180.0 180.0   5.0 450.0                            LAT/LON1/LON2/DLON/H
   37   38   39   38   36   34   32   32   32   35   39   45   50   56   60   63
   65   65   63   61   57   53   48   44   41   37   35   33   31   30   29   28
   28   28   28   29   29   30   30   30   29   29   28   28   28   28   28   29
   29   29   30   30   30   30   30   30   30   30   30   31   31   31   31   31
   30   30   29   29   29   30   32   34   37
    70.0-180.0 180.0   5.0 450.0                            LAT/LON1/LON2/DLON/H
   35   37   38   37   35   33   31   30   32   36   42   50   57   64   69   73
   75   75   73   70   66   61   56   50   46   42   39   36   34   32   30   28
   27   26   26   26   26   27   27   27   26   25   25   25   25   25   26   27
   27   28   28   29   29   29   29   29   29   29   29   30   30   30   30   30
   29   27   26   25   25   26   28   31   35
    67.5-180.0 180.0   5.0 450.0                            LAT/LON1/LON2/DLON/H
   33   36   38   37   35   32   30   30   33   39   46   54   63   70   76   80
   83   83   82   80   75   70   64   58   54   50   47   43   40   36   33   30
   28   26   25   24   24   24   24   23   22   21   21   21   21   22   24   25
   26   26   27   27   27   27   28   28   28   28   29   30   31   31   31   30
   29   26   24   22   21   21   24   28   33
    65.0-180.0 180.0   5.0 450.0                            LAT/LON1/LON2/DLON/H
   32   36   38   38   36   33   31   32   36   43   50   59   67   75   81   86
   89   91   91   88   84   79   74   68   64   61   58   54   49   44   40   35
   32   28   26   25   24   24   23   21   20   18   17   18   19   20   22   24
   25   25   26   26   26   27   27   28   28   29   31   32   34   35   35   34
   32   29   25   22   20   20   23   27   32
    62.5-180.0 180.0   5.0 450.0                            LAT/LON1/LON2/DLON/H
   33   38   40   39   38   35   35   37   41   48   56   63   71   78   85   91
   95   98   98   97   94   89   84   80   77   74   71   67   62   55   49   43
   38   33   30   27   26   25   23   22   19   18   17   17   19   21   23   24
   25   26   26   26   26   26   27   28   30   32   34   36   38   40   41   40
   38   35   31   27   24   23   25   29   33
    60.0-180.0 180.0   5.0 450.0                            LAT/LON1/LON2/DLON/H
   36   40   42   42   40   39   40   43   49   55   61   68   74   80   87   94
  100  104  106  105  103  100   96   92   90   88   86   82   76   69   62   54
   47   41   36   32   30   28   27   25   22   21   20   21   23   25   26   28
   28   28   27   27   27   28   29   30   32   35   37   40   43   46   47   48
   46   43   39   35   31   29   30   33   36
    57.5-180.0 180.0   5.0 450.0                            LAT/LON1/LON2/DLON/H
   40   43   44   45   44   44   47   52   58   63   68   72   76   82   89   97
  104  109  113  114  113  110  107  105  104  103  102   98   92   85   76   67
   59   51   44   40   37   35   33   31   29   28   28   29   31   32   33   33
   33   32   30   30   30   30   31   33   35   38   41   45   48   51   54   55
   54   52   48   44   40   37   36   38   40
    55.0-180.0 180.0   5.0 450.0                            LAT/LON1/LON2/DLON/H
   44   46   47   47   48   51   56   63   69   73   75   77   79   84   91  100
  108  115  120  122  121  119  117  117  117  118  117  114  109  101   91   81
   71   62   54   48   45   43   41   41   40   39   40   41   41   42   42   41
   39   38   36   35   34   35   36   37   39   42   45   48   52   55   58   60
   60   59   56   52   47   44   43   43   44
    52.5-180.0 180.0   5.0 450.0                            LAT/LON1/LON2/DLON/H
   47   48   49   50   53   58   67   76   83   86   85   83   83   87   94  104
  113  121  126  129  130  128  127  128  130  132  132  129  124  115  105   94
   83   73   64   58   54   52   52   52   52   53   53   54   54   53   51   50
   48   46   44   42   41   41   42   42   44   45   48   51   54   58   61   62
   63   62   60   56   53   50   48   47   47
    50.0-180.0 180.0   5.0 450.0                            LAT/LON1/LON2/DLON/H
   49   49   50   53   58   66   78   90   98  100   97   93   90   93   99  109
  118  127  134  138  138  137  137  139  142  144  144  141  136  127  116  104
   93   82   73   67   63   62   63   64   65   66   67   67   66   63   61   59
   57   55   53   51   50   49   48   48   48   49   50   53   56   59   61   63
   64   63   61   58   55   53   51   49   49
    47.5-180.0 180.0   5.0 450.0                            LAT/LON1/LON2/DLON/H
   49   49   51   54   62   74   90  105  115  116  111  105  101  101  107  115
  125  135  142  147  148  147  147  149  152  154  154  150  143  133  122  110
   98   88   80   75   72   72   73   75   77   79   79   78   75   72   69   67
   66   65   63   61   59   57   55   54   52   52   53   54   57   59   62   63
   63   62   60   57   55   54   52   51   49
    45.0-180.0 180.0   5.0 450.0                            LAT/LON1/LON2/DLON/H
   49   49   50   55   65   80  100  118  129  131  126  118  113  113  117  124
  134  144  152  157  159  158  158  160  162  162  160  154  145  134  123  111
  100   92   85   82   80   81   82   85   87   89   89   87   83   79   76   74
   74   74   72   70   68   65   62   58   56   55   55   56   58   60   62   63
   63   62   59   56   54   53   53   51   49
    42.5-180.0 180.0   5.0 450.0                            LAT/LON1/LON2/DLON/H
   49   48   50   55   67   85  107  128  141  144  139  132  127  126  129  136
  145  155  164  170  172  171  171  171  171  168  162  153  143  132  121  110
  101   94   90   88   88   88   89   91   94   96   96   93   89   84   81   80
   81   81   80   78   74   71   66   62   59   57   57   58   60   62   64   65
   64   62   59   56   54   53   52   51   49
    40.0-180.0 180.0   5.0 450.0                            LAT/LON1/LON2/DLON/H
   48   48   49   55   67   87  110  132  147  153  150  145  141  139  142  149
  158  168  177  183  185  184  182  181  178  171  162  152  141  129  119  109
  102   97   96   96   95   93   94   96   99  101  101   99   94   89   85   85
   86   86   85   83   79   75   70   64   60   58   59   60   62   64   66   67
   67   64   61   57   54   53   52   50   48
    37.5-180.0 180.0   5.0 450.0                            LAT/LON1/LON2/DLON/H
   48   48   50   56   68   87  110  133  150  158  158  155  153  152  156  163
  173  183  191  195  195  193  191  187  182  174  163  152  141  131  121  112
  106  103  103  104  102   99   97   99  103  105  105  103   98   92   89   88
   89   89   88   86   82   77   72   66   61   60   60   62   65   67   69   70
   70   67   63   59   55   53   51   50   48
    35.0-180.0 180.0   5.0 450.0                            LAT/LON1/LON2/DLON/H
   49   50   52   58   68   86  108  131  149  159  163  163  163  165  171  180
  190  199  203  204  201  197  193  189  183  175  166  157  148  139  130  122
  115  112  113  114  110  104  101  102  105  108  109  107  102   96   92   90
   90   90   89   87   83   78   72   66   62   60   62   64   67   69   71   73
   73   70   66   61   56   53   51   50   49
    32.5-180.0 180.0   5.0 450.0                            LAT/LON1/LON2/DLON/H
   51   52   56   60   70   84  104  126  145  158  165  168  171  176  186  199
  210  215  214  208  199  191  185  182  180  176  172  168  164  157  147  137
  128  124  125  125  120  111  106  105  108  110  111  110  105   99   94   92
   91   90   89   86   82   78   72   66   61   61   63   66   69   71   73   74
   74   72   67   62   57   52   50   50   51
    30.0-180.0 180.0   5.0 450.0                            LAT/LON1/LON2/DLON/H
   53   56   60   64   71   83  100  120  140  155  165  171  178  187  200  216
  228  230  222  208  190  176  171  170  173  177  181  185  186  181  171  159
  147  141  140  138  131  120  112  109  110  112  113  112  107  100   95   92
   91   89   87   84   80   76   71   65   61   61   63   67   70   72   73   74
   73   71   67   62   57   52   51   51   53
    27.5-180.0 180.0   5.0 450.0                            LAT/LON1/LON2/DLON/H
   55   59   64   68   73   82   96  114  133  150  162  172  183  195  212  230
  241  240  226  203  178  160  154  158  168  181  195  207  213  209  199  184
  171  162  158  154  143  129  119  114  113  113  113  112  107  101   95   92
   89   87   84   80   77   74   70   64   61   61   63   67   70   72   72   72
   71   68   65   61   56   53   52   52   55
    25.0-180.0 180.0   5.0 450.0                            LAT/LON1/LON2/DLON/H
   56   61   67   72   76   83   93  109  127  144  159  172  186  202  221  238
  247  243  225  198  168  148  143  151  169  191  214  233  242  239  228  213
  198  186  180  171  156  140  126  118  115  113  113  111  106  100   94   90
   88   85   80   76   74   71   68   63   60   60   63   66   69   70   70   68
   67   65   62   59   55   53   53   54   56
    22.5-180.0 180.0   5.0 450.0                            LAT/LON1/LON2/DLON/H
   57   62   70   75   79   85   93  106  123  141  157  173  189  207  225  237
  243  236  219  192  164  146  144  157  181  210  239  261  272  269  257  241
  226  213  202  188  170  150  134  123  116  113  111  109  104   98   92   88
   85   82   77   73   70   68   66   62   60   60   63   65   66   66   66   64
   63   61   59   57   55   54   55   55   57
    20.0-180.0 180.0   5.0 450.0                            LAT/LON1/LON2/DLON/H
   58   63   71   79   84   89   97  108  123  141  159  176  194  212  226  231
  230  224  211  191  170  159  162  180  208  240  270  291  300  295  283  268
  253  238  223  205  183  160  140  126  116  112  109  106  101   95   90   86
   83   79   74   70   67   66   63   61   60   60   62   63   62   61   60   59
   59   58   57   55   55   56   57   57   58
    17.5-180.0 180.0   5.0 450.0                            LAT/LON1/LON2/DLON/H
   58   63   73   82   90   97  104  115  130  148  166  184  203  219  227  224
  218  212  205  196  187  185  195  216  245  275  302  318  323  316  304  290
  275  259  242  220  194  168  146  128  116  110  107  103   99   93   88   84
   80   76   71   68   65   63   61   60   60   60   61   60   58   56   55   54
   55   56   56   55   56   58   59   58   58
    15.0-180.0 180.0   5.0 450.0                            LAT/LON1/LON2/DLON/H
   59   64   75   87   97  106  115  127  143  162  181  200  218  230  232  223
  212  208  209  211  214  222  236  258  284  309  329  339  339  330  318  305
  291  273  254  231  204  176  151  131  117  109  105  101   97   92   87   81
   77   73   69   67   64   61   59   59   59   60   60   57   53   50   49   50
   53   55   56   56   57   60   61   59   59
    12.5-180.0 180.0   5.0 450.0                            LAT/LON1/LON2/DLON/H
   60   65   77   92  106  118  129  142  159  180  202  222  239  247  245  233
  222  220  226  237  250  264  281  300  319  335  345  347  343  333  323  312
  298  280  261  239  213  183  156  134  119  110  105  101   97   93   86   80
   74   70   68   66   64   60   58   58   59   59   58   54   50   46   45   47
   51   55   57   57   59   61   62   61   60
    10.0-180.0 180.0   5.0 450.0                            LAT/LON1/LON2/DLON/H
   61   67   80   97  114  130  144  159  178  200  225  247  262  268  266  257
  251  253  262  277  294  310  323  334  342  346  345  340  333  326  320  312
  299  282  264  244  219  190  162  139  123  113  107  102   99   94   87   79
   73   69   67   66   63   59   56   57   58   58   56   52   48   45   44   46
   50   55   57   58   60   63   64   62   61
     7.5-180.0 180.0   5.0 450.0                            LAT/LON1/LON2/DLON/H
   64   70   84  103  123  142  159  175  195  219  246  270  284  289  289  289
  290  297  310  326  341  352  358  357  352  343  331  321  316  313  313  310
  299  282  266  248  224  196  169  146  129  117  109  104  101   97   89   80
   73   68   66   65   63   59   56   56   56   56   54   51   48   46   45   47
   50   55   58   59   61   64   65   64   64
     5.0-180.0 180.0   5.0 450.0                            LAT/LON1/LON2/DLON/H
   67   74   88  109  132  154  173  190  210  234  262  287  301  306  310  319
  329  342  357  372  383  388  383  371  352  331  311  299  297  301  306  308
  300  285  269  252  228  201  175  153  136  123  113  107  104  100   92   82
   75   70   67   65   62   58   56   55   55   54   53   52   51   50   49   49
   52   55   58   60   62   64   65   65   67
     2.5-180.0 180.0   5.0 450.0                            LAT/LON1/LON2/DLON/H
   71   79   94  116  141  164  185  203  222  244  271  295  309  316  324  339
  357  374  391  405  412  410  397  374  345  316  293  281  284  294  305  311
  306  293  276  256  231  204  180  159  142  128  116  109  106  103   95   86
   78   72   68   65   62   59   57   56   55   54   53   54   55   55   54   54
   54   57   60   62   63   64   65   67   71
