jplg0120.21i
     1.0            IONOSPHERE MAPS     GPS                 IONEX VERSION / TYPE
GIM V3.0            JPL - GNISD         15-jan-2021 02:28   PGM / RUN BY / DATE 
JPL'S GLOBAL IONOSPHERE MAPS YEAR 2021 DAY 012              COMMENT             
Global Ionospheric Maps (GIM) are generated on an hourly    DESCRIPTION         
and daily basis at JPL using data from up to 100 GPS sites  DESCRIPTION         
of the IGS and others institutions.                         DESCRIPTION         
The vertical TEC is modeled in a solar-geomagnetic          DESCRIPTION         
reference frame using bi-cubic splines on a spherical grid. DESCRIPTION         
A Kalman filter is used to solve simultaneously for         DESCRIPTION         
instrumental biases and VTEC on the grid (as stochastic     DESCRIPTION         
parameters).                                                DESCRIPTION         
Contact Address:  gpsiono@cobra.jpl.nasa.gov .              DESCRIPTION         
  2021     1    12     0     0     0                        EPOCH OF FIRST MAP  
  2021     1    13     0     0     0                        EPOCH OF LAST MAP   
  7200                                                      INTERVAL            
    13                                                      # OF MAPS IN FILE   
  NONE                                                      MAPPING FUNCTION    
    10.0                                                    ELEVATION CUTOFF    
One-way carrier phase leveled to code                       OBSERVABLES USED    
   170                                                      # OF STATIONS       
    31                                                      # OF SATELLITES     
  6371.0                                                    BASE RADIUS         
     2                                                      MAP DIMENSION       
   450.0 450.0   0.0                                        HGT1 / HGT2 / DHGT  
    87.5 -87.5  -2.5                                        LAT1 / LAT2 / DLAT  
  -180.0 180.0   5.0                                        LON1 / LON2 / DLON  
    -1                                                      EXPONENT            
TEC/RMS values in 0.1 TECU; 9999, if no value available     COMMENT             
                                                            END OF HEADER       
[from data line 429]
     2                                                      START OF TEC MAP    
  2021     1    12     2     0     0                        EPOCH OF CURRENT MAP
    87.5-180.0 180.0   5.0 450.0                            LAT/LON1/LON2/DLON/H
   38   38   38   38   38   38   38   38   38   38   38   38   37   37   37   36
   36   36   35   35   34   34   33   33   32   32   32   31   31   30   30   30
   30   29   29   29   29   29   29   29   29   29   29   29   29   29   30   30
   30   30   31   31   31   31   32   32   32   33   33   33   34   34   34   35
   35   35   36   36   36   37   37   37   38
    85.0-180.0 180.0   5.0 450.0                            LAT/LON1/LON2/DLON/H
   44   44   45   45   45   45   45   45   45   44   44   43   43   42   41   40
   39   39   38   37   36   35   34   33   32   31   30   29   29   28   27   26
   26   25   25   25   25   25   25   25   25   25   26   26   26   27   27   28
   28   29   29   30   30   31   31   31   32   32   33   33   34   34   35   36
   37   37   38   39   40   41   42   43   44
    82.5-180.0 180.0   5.0 450.0                            LAT/LON1/LON2/DLON/H
   50   51   52   52   53   53   52   52   51   50   50   49   47   46   45   44
   43   41   40   38   37   36   34   33   32   30   29   28   27   25   24   24
   23   22   22   22   21   21   22   22   22   23   23   24   25   25   26   27
   28   28   29   30   30   30   31   31   31   32   32   33   33   34   35   36
   38   39   41   43   44   46   48   49   50
    80.0-180.0 180.0   5.0 450.0                            LAT/LON1/LON2/DLON/H
   57   58   59   59   59   58   57   56   55   54   53   51   50   49   47   46
   44   43   41   40   38   37   35   33   32   30   28   27   26   25   24   23
   22   22   21   21   21   21   21   22   22   22   23   24   25   25   26   27
   28   29   30   30   30   31   31   31   31   31   31   31   32   33   34   36
   38   41   43   46   48   51   53   55   57
    77.5-180.0 180.0   5.0 450.0                            LAT/LON1/LON2/DLON/H
   62   63   64   63   63   62   60   59   57   56   54   53   51   50   48   47
   45   44   42   40   39   37   35   34   32   30   29   27   26   24   24   23
   23   23   23   24   24   25   25   25   25   25   25   26   26   27   28   29
   30   30   31   31   31   31   30   30   29   29   29   29   30   31   33   35
   38   41   44   48   51   55   58   60   62
    75.0-180.0 180.0   5.0 450.0                            LAT/LON1/LON2/DLON/H
   66   67   67   66   65   63   61   59   57   56   54   53   51   50   49   47
   46   44   43   41   39   38   36   34   33   31   30   28   26   25   24   24
   24   25   27   28   29   30   30   30   30   30   30   30   30   30   31   32
   32   33   33   32   32   31   30   29   28   27   27   27   28   29   31   33
   37   40   44   49   53   57   61   64   66
    72.5-180.0 180.0   5.0 450.0                            LAT/LON1/LON2/DLON/H
   68   69   69   68   66   64   62   59   57   55   53   52   51   50   48   47
   46   44   43   41   39   38   36   35   34   33   32   30   29   28   26   26
   26   28   30   32   34   36   36   36   36   35   34   34   34   34   35   35
   36   35   35   34   32   31   29   28   26   25   25   25   26   27   29   32
   36   40   44   49   53   58   62   65   68
    70.0-180.0 180.0   5.0 450.0                            LAT/LON1/LON2/DLON/H
   69   70   71   70   68   65   62   59   57   54   52   51   50   49   48   47
   46   44   42   41   39   38   36   35   35   34   34   34   34   32   31   30
   30   31   33   35   38   40   41   41   40   39   38   37   37   38   39   39
   39   38   37   35   33   31   29   27   26   25   25   25   26   28   30   33
   36   40   44   49   54   58   63   66   69
    67.5-180.0 180.0   5.0 450.0                            LAT/LON1/LON2/DLON/H
   70   72   73   72   70   67   64   60   57   54   52   50   49   48   47   46
   45   43   42   40   38   37   36   36   36   36   37   39   39   39   38   36
   35   34   36   37   39   41   42   42   41   39   39   39   39   40   41   42
   41   40   38   36   33   31   29   27   26   26   27   28   29   31   33   36
   38   42   46   50   54   59   63   67   70
    65.0-180.0 180.0   5.0 450.0                            LAT/LON1/LON2/DLON/H
   72   75   76   75   74   71   67   63   58   54   51   49   48   47   47   46
   44   43   41   39   37   36   35   35   36   38   40   43   45   46   45   43
   40   38   38   38   39   39   39   39   38   37   37   38   39   41   42   43
   43   41   39   36   33   31   29   28   29   30   32   34   37   39   41   43
   45   47   50   53   57   61   65   69   72
    62.5-180.0 180.0   5.0 450.0                            LAT/LON1/LON2/DLON/H
   75   78   80   80   79   76   71   66   60   55   51   49   48   47   46   45
   44   42   40   38   36   35   35   35   37   40   43   47   51   53   52   49
   46   42   39   37   36   35   35   34   34   34   34   35   37   39   41   42
   42   40   37   34   32   30   30   31   33   36   39   43   47   49   51   53
   54   55   57   59   62   65   68   72   75
    60.0-180.0 180.0   5.0 450.0                            LAT/LON1/LON2/DLON/H
   79   82   84   85   84   81   76   70   63   57   52   49   48   47   47   46
   44   42   40   38   36   34   34   35   38   41   46   51   55   58   58   54
   50   44   39   35   33   32   31   30   30   30   31   32   34   36   38   39
   39   38   36   33   31   31   32   34   38   43   49   54   59   62   64   65
   65   66   66   67   68   71   73   76   79
    57.5-180.0 180.0   5.0 450.0                            LAT/LON1/LON2/DLON/H
   84   87   90   91   90   87   82   75   67   60   54   51   49   49   48   47
   46   44   41   39   36   35   34   36   39   43   47   52   57   60   60   57
   52   45   39   35   32   30   29   29   29   29   30   30   31   33   35   36
   37   36   34   32   32   33   36   40   46   53   60   66   71   74   76   77
   78   78   77   77   77   78   79   81   84
    55.0-180.0 180.0   5.0 450.0                            LAT/LON1/LON2/DLON/H
   89   92   94   96   96   94   88   81   72   64   58   54   52   51   51   50
   49   47   44   41   38   36   35   37   40   44   48   53   57   59   60   58
   53   46   41   36   34   33   32   32   32   32   31   31   30   31   32   34
   35   35   34   34   34   37   42   48   56   64   71   77   82   85   88   90
   91   91   90   88   87   86   86   87   89
    52.5-180.0 180.0   5.0 450.0                            LAT/LON1/LON2/DLON/H
   94   96   99  101  102  100   95   88   79   71   64   59   56   55   55   54
   53   51   49   45   42   39   38   39   42   46   50   53   56   58   59   57
   53   48   43   40   40   40   41   41   40   38   36   34   32   31   31   33
   35   36   37   38   40   44   51   59   68   76   83   89   92   95   98  102
  104  105  104  101   98   95   94   94   94
    50.0-180.0 180.0   5.0 450.0                            LAT/LON1/LON2/DLON/H
   99  100  103  106  107  106  103   96   88   79   71   66   62   61   61   60
   59   57   55   52   48   44   43   44   46   50   52   54   55   57   58   56
   53   49   47   48   49   51   52   52   51   48   44   40   37   34   34   35
   38   40   42   44   48   54   62   71   80   89   96   99  102  104  108  113
  118  119  118  114  110  106  102  100   99
    47.5-180.0 180.0   5.0 450.0                            LAT/LON1/LON2/DLON/H
  104  103  105  109  112  112  110  105   97   89   81   74   70   69   68   68
   67   65   63   60   56   52   50   50   53   55   57   57   57   57   57   56
   54   52   53   56   60   63   65   65   63   59   55   50   45   40   39   39
   42   45   47   51   57   65   74   84   94  102  108  111  112  114  119  125
  130  133  132  128  122  117  111  107  104
    45.0-180.0 180.0   5.0 450.0                            LAT/LON1/LON2/DLON/H
  108  106  107  111  115  118  117  113  107   99   91   85   80   78   78   78
   76   75   73   70   66   62   60   60   63   64   64   63   61   60   59   57
   55   55   58   64   70   74   76   76   75   71   66   61   55   49   45   45
   47   50   54   59   66   75   86   97  107  115  120  122  123  126  130  137
  142  145  145  142  136  129  121  114  108
    42.5-180.0 180.0   5.0 450.0                            LAT/LON1/LON2/DLON/H
  114  109  110  114  119  122  123  121  116  110  103   96   92   90   90   89
   87   86   84   82   79   76   74   74   76   77   75   72   68   65   63   60
   58   58   63   70   77   81   83   84   84   82   78   72   65   58   53   52
   53   56   60   66   74   85   97  109  119  127  132  135  137  139  144  148
  153  156  158  156  150  141  131  122  114
    40.0-180.0 180.0   5.0 450.0                            LAT/LON1/LON2/DLON/H
  122  115  114  117  122  126  128  127  124  119  114  110  106  105  104  102
  100   98   96   95   93   91   89   89   91   90   87   81   75   71   67   64
   61   62   67   74   80   83   85   87   89   90   87   82   75   67   61   58
   58   61   65   71   82   94  107  119  129  137  143  147  150  154  158  160
  162  166  170  170  164  154  143  132  122
    37.5-180.0 180.0   5.0 450.0                            LAT/LON1/LON2/DLON/H
  133  124  121  122  126  129  132  133  131  128  127  125  123  121  119  116
  113  110  109  108  107  105  104  104  104  102   96   89   81   76   72   68
   67   67   72   76   80   81   83   87   92   94   93   88   81   73   67   63
   63   64   68   76   88  102  116  128  138  146  152  158  163  169  171  171
  172  176  182  185  179  169  157  145  133
    35.0-180.0 180.0   5.0 450.0                            LAT/LON1/LON2/DLON/H
  150  139  132  129  130  133  136  138  137  137  139  141  141  140  137  132
  127  122  120  119  118  116  115  115  113  110  102   92   84   78   75   73
   73   74   76   78   79   78   80   85   91   95   95   90   84   77   71   67
   66   67   71   79   92  107  122  134  144  152  159  166  174  181  183  182
  182  187  196  200  196  185  174  162  150
    32.5-180.0 180.0   5.0 450.0                            LAT/LON1/LON2/DLON/H
  172  159  148  140  136  137  140  142  143  146  151  157  160  159  156  149
  141  134  130  127  125  123  121  119  116  110  101   90   82   78   77   78
   79   80   81   80   78   75   76   82   89   93   92   88   83   78   74   70
   68   69   73   82   95  111  126  138  147  155  163  172  181  189  193  193
  195  201  210  216  213  204  194  184  172
    30.0-180.0 180.0   5.0 450.0                            LAT/LON1/LON2/DLON/H
  201  186  170  156  146  143  145  148  150  154  162  171  176  176  172  163
  153  143  136  131  127  124  121  118  113  105   95   85   78   76   78   81
   85   86   85   82   78   74   74   79   85   89   88   84   80   77   74   71
   69   69   74   83   97  113  128  139  148  156  165  174  185  193  200  205
  211  218  227  233  233  227  220  212  201
    27.5-180.0 180.0   5.0 450.0                            LAT/LON1/LON2/DLON/H
  236  221  201  180  163  154  154  156  157  162  171  181  188  189  184  174
  162  150  140  133  126  121  117  112  106   97   86   78   74   75   79   85
   89   91   89   85   79   75   74   76   81   83   81   77   74   73   72   70
   68   69   74   84   98  114  129  140  149  156  165  176  186  196  206  217
  228  237  244  251  255  254  251  246  236
    25.0-180.0 180.0   5.0 450.0                            LAT/LON1/LON2/DLON/H
  279  264  242  215  190  176  171  169  168  170  177  186  193  195  190  180
  167  153  141  131  124  117  112  106   99   89   80   74   72   76   82   88
   92   94   92   87   82   77   74   75   77   78   75   71   69   69   69   67
   66   67   74   84   99  115  131  143  151  158  167  178  188  199  212  230
  246  255  260  268  277  283  286  285  279
    22.5-180.0 180.0   5.0 450.0                            LAT/LON1/LON2/DLON/H
  324  314  293  262  232  211  199  191  183  179  182  187  192  193  189  180
  166  152  139  128  120  114  109  103   94   85   79   77   77   82   87   92
   94   95   93   89   83   78   74   73   73   72   69   65   63   64   64   63
   63   66   73   85  100  118  135  148  155  162  171  181  192  203  219  241
  260  269  273  282  296  310  319  324  324
    20.0-180.0 180.0   5.0 450.0                            LAT/LON1/LON2/DLON/H
  364  363  347  318  286  261  242  223  204  192  187  187  188  188  183  174
  162  148  135  125  118  113  109  104   96   88   85   86   88   92   95   95
   95   95   92   88   83   78   73   70   69   67   63   59   58   59   60   59
   60   64   74   87  103  123  142  157  164  170  178  188  199  211  228  250
  270  279  282  292  311  330  345  356  364
    17.5-180.0 180.0   5.0 450.0                            LAT/LON1/LON2/DLON/H
  392  401  393  371  344  320  295  265  233  209  195  187  184  181  176  167
  156  143  131  123  118  115  113  109  102   96   95   99  102  104  102   99
   95   93   90   86   81   75   70   67   65   63   59   55   54   55   56   55
   57   63   74   89  107  129  151  168  176  181  188  197  208  220  237  258
  275  282  285  296  316  338  358  376  392
    15.0-180.0 180.0   5.0 450.0                            LAT/LON1/LON2/DLON/H
  400  419  422  411  393  374  348  309  266  231  207  191  181  174  168  161
  152  141  131  125  123  123  122  118  111  106  107  113  116  114  109  101
   94   90   86   82   77   71   66   63   62   60   56   52   51   52   52   51
   54   62   76   92  112  136  161  180  188  193  198  206  217  231  246  262
  276  282  286  295  313  334  353  375  400
    12.5-180.0 180.0   5.0 450.0                            LAT/LON1/LON2/DLON/H
  385  410  424  426  422  414  391  348  298  254  221  198  182  172  164  158
  153  145  138  134  135  137  136  131  122  116  118  123  125  121  112  102
   92   86   81   76   71   67   63   61   60   59   55   51   49   50   49   48
   52   62   78   96  117  143  170  190  199  203  208  215  226  240  253  265
  275  281  285  293  306  321  337  358  385
    10.0-180.0 180.0   5.0 450.0                            LAT/LON1/LON2/DLON/H
  356  381  399  410  422  428  414  375  323  275  236  207  187  173  165  161
  160  158  154  152  156  158  155  145  133  125  124  128  128  122  112  100
   90   82   76   71   66   63   61   61   61   59   55   51   49   48   47   46
   51   63   81  101  123  149  176  197  207  211  216  223  233  246  258  267
  274  280  285  290  298  306  316  332  356
     7.5-180.0 180.0   5.0 450.0                            LAT/LON1/LON2/DLON/H
  324  344  360  376  396  414  413  384  338  291  250  219  196  180  172  170
  174  176  176  177  183  185  177  161  144  131  127  127  125  119  109   98
   87   78   71   66   62   61   61   63   63   61   56   52   49   48   46   46
   51   65   84  106  128  154  180  200  210  216  221  228  237  249  260  268
  275  282  288  292  295  297  300  308  324
     5.0-180.0 180.0   5.0 450.0                            LAT/LON1/LON2/DLON/H
  302  313  325  339  363  387  394  377  342  300  262  232  209  193  184  184
  191  197  199  203  210  211  198  176  153  136  128  125  122  115  106   95
   83   74   67   62   60   61   63   66   67   64   59   53   50   48   46   46
   52   67   88  110  133  157  180  199  210  218  224  231  240  250  260  270
  279  287  294  299  302  300  297  297  302
     2.5-180.0 180.0   5.0 450.0                            LAT/LON1/LON2/DLON/H
  302  303  306  316  337  361  373  365  339  304  272  247  228  212  202  201
  208  215  219  224  232  231  214  186  160  140  129  123  119  112  104   93
   81   71   63   59   59   62   67   70   70   67   61   55   51   48   46   47
   55   70   92  114  137  158  178  194  206  215  224  232  240  250  261  273
  284  294  303  311  315  315  311  305  302
