jplg0060.21i
     1.0            IONOSPHERE MAPS     GPS                 IONEX VERSION / TYPE
GIM V3.0            JPL - GNISD         09-jan-2021 02:28   PGM / RUN BY / DATE 
JPL'S GLOBAL IONOSPHERE MAPS YEAR 2021 DAY 006              COMMENT             
Global Ionospheric Maps (GIM) are generated on an hourly    DESCRIPTION         
and daily basis at JPL using data from up to 100 GPS sites  DESCRIPTION         
of the IGS and others institutions.                         DESCRIPTION         
The vertical TEC is modeled in a solar-geomagnetic          DESCRIPTION         
reference frame using bi-cubic splines on a spherical grid. DESCRIPTION         
A Kalman filter is used to solve simultaneously for         DESCRIPTION         
instrumental biases and VTEC on the grid (as stochastic     DESCRIPTION         
parameters).                                                DESCRIPTION         
Contact Address:  gpsiono@cobra.jpl.nasa.gov .              DESCRIPTION         
  2021     1     6     0     0     0                        EPOCH OF FIRST MAP  
  2021     1     7     0     0     0                        EPOCH OF LAST MAP   
  7200                                                      INTERVAL            
    13                                                      # OF MAPS IN FILE   
  NONE                                                      MAPPING FUNCTION    
    10.0                                                    ELEVATION CUTOFF    
One-way carrier phase leveled to code                       OBSERVABLES USED    
   170                                                      # OF STATIONS       
    31                                                      # OF SATELLITES     
  6371.0                                                    BASE RADIUS         
     2                                                      MAP DIMENSION       
   450.0 450.0   0.0                                        HGT1 / HGT2 / DHGT  
    87.5 -87.5  -2.5                                        LAT1 / LAT2 / DLAT  
  -180.0 180.0   5.0                                        LON1 / LON2 / DLON  
    -1                                                      EXPONENT            
TEC/RMS values in 0.1 TECU; 9999, if no value available     COMMENT             
                                                            END OF HEADER       
[from data line 3432]
     9                                                      START OF TEC MAP    
  2021     1     6    16     0     0                        EPOCH OF CURRENT MAP
    87.5-180.0 180.0   5.0 450.0                            LAT/LON1/LON2/DLON/H
   17   17   17   17   17   17   17   17   17   17   17   17   17   18   18   18
   18   18   19   19   19   20   20   20   20   21   21   21   21   22   22   22
   22   22   23   23   23   23   23   23   23   23   22   22   22   22   22   22
   21   21   21   21   20   20   20   20   19   19   19   19   19   18   18   18
   18   18   18   17   17   17   17   17   17
    85.0-180.0 180.0   5.0 450.0                            LAT/LON1/LON2/DLON/H
   17   17   17   17   16   16   16   16   16   16   16   17   17   17   18   18
   19   19   20   20   21   21   22   22   23   23   24   24   25   25   26   26
   26   26   27   27   27   27   27   27   27   26   26   26   26   25   25   24
   24   23   23   22   22   21   21   21   20   20   20   19   19   19   19   18
   18   18   18   18   18   18   17   17   17
    82.5-180.0 180.0   5.0 450.0                            LAT/LON1/LON2/DLON/H
   19   19   19   18   18   18   18   17   17   17   17   18   18   18   19   20
   21   21   22   23   24   24   25   26   26   27   28   28   28   29   29   29
   30   30   30   30   30   30   30   30   30   29   29   29   29   28   28   27
   26   26   25   24   24   23   23   22   22   21   21   21   20   20   20   20
   20   20   20   20   20   20   20   19   19
    80.0-180.0 180.0   5.0 450.0                            LAT/LON1/LON2/DLON/H
   23   23   22   22   22   21   21   20   20   20   20   20   21   22   23   24
   25   26   27   28   29   30   30   31   31   32   32   32   32   32   32   32
   32   32   31   31   31   31   31   31   31   30   30   30   30   30   29   29
   28   27   27   26   26   25   25   24   23   23   23   22   22   22   22   21
   21   21   22   22   22   22   23   23   23
    77.5-180.0 180.0   5.0 450.0                            LAT/LON1/LON2/DLON/H
   27   27   27   27   26   25   25   24   23   23   23   24   25   26   28   30
   31   33   34   36   37   37   37   37   37   37   37   36   36   35   34   33
   33   32   31   30   30   30   29   29   29   29   30   30   30   30   29   29
   29   28   28   28   27   27   27   26   26   25   25   24   24   23   23   22
   22   22   22   23   24   25   26   26   27
    75.0-180.0 180.0   5.0 450.0                            LAT/LON1/LON2/DLON/H
   31   31   32   31   30   29   28   27   27   27   27   28   30   32   34   37
   39   42   44   45   46   47   46   46   45   44   43   41   40   38   36   34
   33   31   29   28   27   26   26   26   27   27   27   28   28   28   28   28
   28   28   28   28   28   29   29   29   28   28   27   26   25   24   23   22
   21   21   21   22   24   25   27   29   31
    72.5-180.0 180.0   5.0 450.0                            LAT/LON1/LON2/DLON/H
   33   34   35   34   33   32   31   30   30   30   31   33   35   38   41   44
   48   51   53   55   56   57   56   55   53   51   49   47   45   42   39   36
   32   29   26   24   23   22   22   23   23   24   24   25   25   26   26   26
   26   26   27   28   29   30   31   31   31   30   29   28   27   25   23   21
   20   19   19   20   22   25   28   31   33
    70.0-180.0 180.0   5.0 450.0                            LAT/LON1/LON2/DLON/H
   34   35   36   35   34   33   32   32   32   33   34   36   39   42   46   50
   54   58   62   65   67   67   66   63   61   59   56   53   50   47   42   38
   33   28   25   22   20   19   19   19   20   21   22   23   23   23   23   23
   24   24   25   27   28   30   31   32   33   32   31   30   28   26   23   21
   19   17   17   18   20   24   27   31   34
    67.5-180.0 180.0   5.0 450.0                            LAT/LON1/LON2/DLON/H
   34   35   35   34   33   32   32   32   33   34   36   38   41   45   49   54
   58   64   69   73   75   75   74   71   68   65   62   59   55   51   46   41
   35   30   25   22   19   18   18   19   19   20   21   21   21   21   21   21
   22   22   24   26   27   29   31   32   33   33   33   31   30   28   25   22
   19   17   16   17   20   23   27   31   34
    65.0-180.0 180.0   5.0 450.0                            LAT/LON1/LON2/DLON/H
   34   34   33   31   30   29   30   31   33   35   37   40   43   46   50   55
   61   67   73   79   82   82   80   77   74   71   67   64   61   56   52   46
   40   34   29   25   23   22   21   21   21   21   22   22   21   21   20   20
   21   22   23   25   26   28   29   31   32   32   33   33   32   30   28   25
   23   20   19   19   21   25   29   32   34
    62.5-180.0 180.0   5.0 450.0                            LAT/LON1/LON2/DLON/H
   35   34   32   29   28   27   28   30   32   35   37   40   43   47   51   56
   62   69   77   83   87   87   85   82   78   75   73   70   67   63   59   53
   47   42   37   34   32   30   29   27   26   26   25   24   24   22   22   21
   21   22   24   25   26   27   27   28   30   31   33   34   35   34   33   32
   29   27   25   25   26   29   31   34   35
    60.0-180.0 180.0   5.0 450.0                            LAT/LON1/LON2/DLON/H
   37   36   33   30   28   27   28   30   32   35   37   40   43   47   52   57
   64   71   80   87   91   91   89   86   83   81   79   77   75   72   68   64
   58   53   49   46   44   42   39   37   35   33   31   30   28   26   25   24
   24   25   26   27   27   26   26   27   28   30   33   35   38   39   40   39
   38   35   34   33   33   34   36   37   37
    57.5-180.0 180.0   5.0 450.0                            LAT/LON1/LON2/DLON/H
   42   40   38   34   31   30   30   31   33   35   38   41   45   49   54   60
   66   74   83   90   95   96   94   91   89   87   87   86   86   84   81   77
   72   67   64   61   58   55   52   48   45   42   40   37   35   32   30   29
   29   29   30   30   29   28   27   27   28   31   34   37   41   44   46   47
   46   45   43   41   41   41   42   42   42
    55.0-180.0 180.0   5.0 450.0                            LAT/LON1/LON2/DLON/H
   48   47   45   42   39   36   35   34   35   37   39   43   47   52   58   64
   70   78   86   94  100  102  101   98   97   97   97   99   99   99   96   92
   87   82   78   75   73   69   65   61   56   53   50   47   43   40   37   35
   35   35   36   36   35   32   31   30   31   33   36   40   44   49   52   54
   54   53   51   49   48   47   47   48   48
    52.5-180.0 180.0   5.0 450.0                            LAT/LON1/LON2/DLON/H
   53   53   52   50   48   45   41   39   39   40   43   47   52   57   63   69
   75   83   91  100  106  109  109  108  107  108  110  112  113  113  111  107
  101   96   92   88   85   81   77   72   68   64   61   57   53   49   45   42
   42   43   44   44   42   40   37   36   36   37   39   43   47   52   57   59
   60   60   58   55   53   51   51   52   53
    50.0-180.0 180.0   5.0 450.0                            LAT/LON1/LON2/DLON/H
   57   58   59   58   56   53   48   45   44   45   49   53   58   64   70   76
   82   89   98  107  114  118  119  119  120  121  124  125  126  126  123  118
  112  106  102   99   95   91   87   83   79   76   72   68   63   58   54   51
   51   52   53   52   51   48   46   44   43   43   44   46   51   55   60   63
   64   64   61   58   55   54   54   55   57
    47.5-180.0 180.0   5.0 450.0                            LAT/LON1/LON2/DLON/H
   57   59   62   63   62   59   54   50   49   52   56   61   66   72   78   84
   90   98  106  116  124  129  131  132  134  135  137  137  136  134  130  124
  118  113  109  106  103  100   96   93   90   87   83   79   73   68   63   60
   60   61   62   61   60   57   54   52   50   48   48   50   53   58   62   66
   67   66   63   60   56   54   54   55   57
    45.0-180.0 180.0   5.0 450.0                            LAT/LON1/LON2/DLON/H
   55   57   60   62   63   61   57   53   54   58   64   70   75   81   87   93
  100  108  117  127  135  141  145  147  148  149  148  146  141  136  130  124
  119  116  114  112  109  106  104  101   99   97   93   88   83   77   72   69
   68   69   70   70   68   65   61   58   55   53   52   53   56   60   64   67
   68   67   64   60   56   54   53   54   55
    42.5-180.0 180.0   5.0 450.0                            LAT/LON1/LON2/DLON/H
   51   52   55   58   60   59   56   54   58   65   73   80   85   91   97  104
  111  120  130  140  149  155  160  163  164  162  158  152  143  134  127  122
  119  118  118  117  115  112  110  109  108  106  102   97   91   85   80   77
   76   77   78   77   74   70   66   61   58   56   55   56   58   62   66   68
   69   67   64   60   56   53   52   52   51
    40.0-180.0 180.0   5.0 450.0                            LAT/LON1/LON2/DLON/H
   47   47   48   51   54   54   52   53   60   72   82   90   95  101  107  115
  124  134  144  154  163  170  175  178  177  173  166  156  144  133  125  121
  120  121  122  122  120  118  117  116  116  114  110  104   98   92   86   83
   83   83   83   82   78   73   68   63   60   58   57   58   60   64   67   69
   69   67   63   59   55   53   51   49   47
    37.5-180.0 180.0   5.0 450.0                            LAT/LON1/LON2/DLON/H
   45   42   42   44   47   47   47   50   62   77   91  100  106  111  118  127
  138  149  160  170  178  184  188  189  187  181  171  159  146  135  128  125
  126  128  129  129  126  124  123  122  122  120  115  110  104   97   92   88
   87   88   88   85   81   75   69   63   60   59   59   59   62   65   68   69
   68   66   62   58   55   53   51   48   45
    35.0-180.0 180.0   5.0 450.0                            LAT/LON1/LON2/DLON/H
   44   40   38   39   41   41   41   47   63   82   98  109  116  122  129  140
  152  166  178  187  194  197  198  196  191  182  172  162  152  144  138  137
  139  140  140  138  134  130  129  128  127  124  119  113  108  102   96   91
   90   91   90   87   82   76   69   64   61   60   60   61   62   65   68   69
   67   64   61   57   55   53   52   49   44
    32.5-180.0 180.0   5.0 450.0                            LAT/LON1/LON2/DLON/H
   44   39   36   36   36   35   37   45   63   86  105  118  126  132  140  152
  167  183  196  205  208  207  202  195  186  177  169  165  163  160  158  157
  158  159  156  150  143  138  135  133  130  126  120  115  110  105   99   94
   92   92   91   88   83   76   69   64   62   61   61   61   62   65   67   67
   65   62   59   56   54   54   53   50   44
    30.0-180.0 180.0   5.0 450.0                            LAT/LON1/LON2/DLON/H
   46   40   36   34   33   32   34   44   64   89  111  125  134  141  150  165
  183  200  214  222  221  214  202  187  174  166  164  169  177  182  183  183
  184  183  177  166  156  148  143  138  133  127  120  115  112  108  101   95
   93   92   91   87   82   76   70   66   64   63   62   61   61   63   65   65
   63   59   57   55   54   55   54   51   46
    27.5-180.0 180.0   5.0 450.0                            LAT/LON1/LON2/DLON/H
   47   41   36   33   31   30   33   43   64   90  114  131  141  149  160  176
  197  217  232  238  233  218  199  178  162  156  162  177  196  208  212  214
  216  214  203  186  171  160  151  144  137  129  121  117  114  110  104   97
   93   91   89   86   81   75   71   68   66   65   63   61   60   61   62   62
   60   57   55   54   54   55   55   52   47
    25.0-180.0 180.0   5.0 450.0                            LAT/LON1/LON2/DLON/H
   48   42   37   33   31   30   33   43   63   90  116  135  147  156  168  187
  210  232  248  252  243  222  196  171  155  154  166  191  218  237  242  246
  251  249  233  210  189  173  161  151  142  132  124  119  117  113  106   98
   92   89   87   83   79   74   71   70   68   66   63   61   59   59   60   60
   57   55   53   53   54   56   56   53   48
    22.5-180.0 180.0   5.0 450.0                            LAT/LON1/LON2/DLON/H
   48   42   37   33   31   30   33   43   63   90  117  137  150  161  175  196
  221  245  261  264  251  226  196  171  159  164  184  215  246  266  272  277
  286  285  265  235  208  188  173  160  148  137  129  124  122  116  108   99
   92   88   85   81   77   73   71   71   69   67   64   60   58   58   58   58
   56   53   52   52   54   56   56   53   48
    20.0-180.0 180.0   5.0 450.0                            LAT/LON1/LON2/DLON/H
   47   41   36   33   31   31   34   45   64   91  118  139  153  166  182  204
  231  255  271  273  258  230  202  183  178  190  216  248  277  294  298  304
  315  316  293  258  227  204  186  170  156  145  136  131  127  120  110   99
   91   86   82   79   75   71   70   70   69   67   63   60   57   57   58   58
   56   54   52   53   55   57   57   53   47
    17.5-180.0 180.0   5.0 450.0                            LAT/LON1/LON2/DLON/H
   48   41   36   33   32   32   36   46   66   92  119  141  156  171  189  212
  240  265  280  282  265  238  214  203  208  227  255  284  307  317  317  322
  335  337  314  277  244  220  199  180  165  153  144  138  133  124  111   99
   90   84   81   78   73   70   68   68   68   65   62   59   57   57   58   58
   57   55   54   54   57   60   59   54   48
    15.0-180.0 180.0   5.0 450.0                            LAT/LON1/LON2/DLON/H
   49   42   37   34   33   33   38   49   69   95  122  143  160  177  197  222
  249  274  289  290  274  249  231  229  242  266  293  316  330  331  326  329
  341  344  322  288  258  234  212  191  174  162  153  146  138  127  112   99
   89   84   80   77   73   69   67   67   66   64   61   59   58   58   59   60
   60   58   56   57   60   63   62   57   49
    12.5-180.0 180.0   5.0 450.0                            LAT/LON1/LON2/DLON/H
   52   43   37   34   34   35   40   53   73   99  125  147  165  184  207  233
  261  285  299  300  286  266  254  258  274  298  321  335  339  333  324  323
  333  336  319  293  268  247  224  201  182  169  160  153  144  130  113   98
   89   83   81   78   73   69   66   65   64   61   60   59   59   59   60   62
   62   61   60   60   64   67   66   60   52
    10.0-180.0 180.0   5.0 450.0                            LAT/LON1/LON2/DLON/H
   54   45   38   36   36   38   43   57   78  104  129  151  171  193  218  247
  275  298  312  313  303  289  282  286  299  316  330  336  332  321  311  308
  315  319  311  294  277  258  235  209  189  175  166  158  148  132  113   98
   88   84   82   79   75   70   67   65   62   59   58   58   59   60   61   63
   65   65   63   63   67   71   70   63   54
     7.5-180.0 180.0   5.0 450.0                            LAT/LON1/LON2/DLON/H
   56   46   40   37   38   40   47   61   83  108  133  156  178  202  230  261
  289  312  326  329  324  317  312  311  314  320  324  322  314  304  295  293
  299  304  302  295  284  268  243  216  193  179  169  161  150  133  113   98
   89   85   83   81   77   73   70   66   62   58   56   58   61   61   62   64
   67   68   66   67   71   74   72   66   56
     5.0-180.0 180.0   5.0 450.0                            LAT/LON1/LON2/DLON/H
   57   47   41   39   40   43   51   65   87  112  137  161  185  211  241  273
  302  324  338  343  344  345  341  331  321  314  308  301  294  287  285  286
  291  296  300  299  291  275  249  220  196  180  170  162  150  132  113   98
   91   87   86   84   81   78   74   69   63   58   56   59   63   63   63   66
   70   71   70   70   73   75   72   66   57
     2.5-180.0 180.0   5.0 450.0                            LAT/LON1/LON2/DLON/H
   55   47   41   40   42   46   55   69   91  116  142  167  192  219  249  281
  309  331  345  353  360  366  362  344  321  303  291  283  280  281  287  294
  300  305  309  308  299  280  252  221  195  179  168  159  147  130  113  100
   94   90   89   87   85   83   79   74   66   60   59   62   66   66   66   69
   73   74   73   72   74   75   71   63   55
