jplg0060.21i
     1.0            IONOSPHERE MAPS     GPS                 IONEX VERSION / TYPE
GIM V3.0            JPL - GNISD         09-jan-2021 02:28   PGM / RUN BY / DATE 
JPL'S GLOBAL IONOSPHERE MAPS YEAR 2021 DAY 006              COMMENT             
Global Ionospheric Maps (GIM) are generated on an hourly    DESCRIPTION         
and daily basis at JPL using data from up to 100 GPS sites  DESCRIPTION         
of the IGS and others institutions.                         DESCRIPTION         
The vertical TEC is modeled in a solar-geomagnetic          DESCRIPTION         
reference frame using bi-cubic splines on a spherical grid. DESCRIPTION         
A Kalman filter is used to solve simultaneously for         DESCRIPTION         
instrumental biases and VTEC on the grid (as stochastic     DESCRIPTION         
parameters).                                                DESCRIPTION         
Contact Address:  gpsiono@cobra.jpl.nasa.gov .              DESCRIPTION         
  2021     1     6     0     0     0                        EPOCH OF FIRST MAP  
  2021     1     7     0     0     0                        EPOCH OF LAST MAP   
  7200                                                      INTERVAL            
    13                                                      # OF MAPS IN FILE   
  NONE                                                      MAPPING FUNCTION    
    10.0                                                    ELEVATION CUTOFF    
One-way carrier phase leveled to code                       OBSERVABLES USED    
   170                                                      # OF STATIONS       
    31                                                      # OF SATELLITES     
  6371.0                                                    BASE RADIUS         
     2                                                      MAP DIMENSION       
   450.0 450.0   0.0                                        HGT1 / HGT2 / DHGT  
    87.5 -87.5  -2.5                                        LAT1 / LAT2 / DLAT  
  -180.0 180.0   5.0                                        LON1 / LON2 / DLON  
    -1                                                      EXPONENT            
TEC/RMS values in 0.1 TECU; 9999, if no value available     COMMENT             
                                                            END OF HEADER       
[from data line 4719]
    12                                                      START OF TEC MAP    
  2021     1     6    22     0     0                        EPOCH OF CURRENT MAP
    87.5-180.0 180.0   5.0 450.0                            LAT/LON1/LON2/DLON/H
   19   20   20   20   20   20   20   20   20   20   20   20   20   20   20   20
   19   19   19   19   18   18   18   18   17   17   17   17   16   16   16   16
   15   15   15   15   15   15   15   14   14   14   14   14   15   15   15   15
   15   15   15   15   15   16   16   16   16   16   16   17   17   17   17   18
   18   18   18   18   19   19   19   19   19
    85.0-180.0 180.0   5.0 450.0                            LAT/LON1/LON2/DLON/H
   24   24   24   25   25   25   26   26   26   26   26   26   26   25   25   25
   24   24   23   23   22   22   21   21   20   20   19   19   18   18   17   17
   17   16   16   16   15   15   15   15   15   15   15   15   15   15   16   16
   16   16   16   16   17   17   17   17   17   18   18   18   19   19   19   20
   20   20   21   21   22   22   23   23   24
    82.5-180.0 180.0   5.0 450.0                            LAT/LON1/LON2/DLON/H
   28   29   29   30   31   31   32   32   32   32   32   32   32   32   31   31
   30   29   28   28   27   26   25   24   24   23   23   22   21   21   20   20
   19   19   18   18   17   17   17   17   17   17   17   18   18   18   18   18
   19   19   19   19   19   19   19   19   19   20   20   20   20   21   21   22
   22   23   23   24   25   26   26   27   28
    80.0-180.0 180.0   5.0 450.0                            LAT/LON1/LON2/DLON/H
   32   33   34   35   36   37   37   38   39   39   39   39   38   38   37   36
   35   34   33   32   31   30   29   28   28   27   26   26   25   25   24   23
   22   21   21   20   19   19   19   19   19   20   20   21   21   21   22   22
   22   22   22   22   22   21   21   21   21   21   21   21   22   22   22   23
   23   24   25   26   27   28   29   30   32
    77.5-180.0 180.0   5.0 450.0                            LAT/LON1/LON2/DLON/H
   35   36   38   39   41   42   43   43   44   45   45   45   44   44   43   41
   40   38   36   35   33   32   32   31   31   30   30   30   29   29   28   27
   25   24   23   22   21   20   20   20   21   22   22   23   24   24   24   25
   25   24   24   24   23   23   23   22   22   22   21   21   21   21   21   22
   23   24   25   26   28   29   31   33   35
    75.0-180.0 180.0   5.0 450.0                            LAT/LON1/LON2/DLON/H
   37   39   41   43   45   46   47   48   49   50   50   50   50   49   47   46
   43   41   39   37   35   34   33   33   33   33   33   33   32   32   31   30
   28   26   24   23   21   21   20   21   21   22   23   24   25   26   26   26
   26   25   25   24   24   23   22   22   21   21   20   20   19   19   19   19
   20   21   23   25   27   29   32   35   37
    72.5-180.0 180.0   5.0 450.0                            LAT/LON1/LON2/DLON/H
   39   43   45   47   49   51   52   53   54   55   56   56   55   54   52   50
   47   44   41   38   36   34   33   33   33   33   34   34   33   33   32   30
   28   26   24   22   21   20   20   20   21   22   24   25   25   26   26   26
   26   25   24   24   23   22   21   21   20   19   18   18   17   16   16   16
   17   18   20   22   25   29   32   36   39
    70.0-180.0 180.0   5.0 450.0                            LAT/LON1/LON2/DLON/H
   42   46   50   52   54   55   56   58   59   60   61   61   61   59   57   54
   50   47   43   40   37   35   33   33   33   33   33   32   31   30   29   28
   26   25   23   21   20   19   19   20   21   22   24   25   25   25   25   25
   25   24   23   23   22   21   20   20   19   18   17   17   16   15   14   14
   14   15   17   20   24   28   33   37   42
    67.5-180.0 180.0   5.0 450.0                            LAT/LON1/LON2/DLON/H
   46   51   55   58   59   60   61   62   63   65   66   66   66   65   62   59
   55   51   46   42   39   36   34   32   32   31   30   29   27   26   24   23
   23   22   21   20   19   19   20   21   22   23   25   25   26   26   25   24
   24   23   22   22   21   20   19   19   19   18   18   17   16   15   14   13
   13   14   16   19   23   28   34   40   46
    65.0-180.0 180.0   5.0 450.0                            LAT/LON1/LON2/DLON/H
   50   56   60   63   64   65   66   66   68   69   70   71   71   70   68   64
   61   56   51   47   42   38   34   32   30   28   27   25   22   21   19   19
   19   19   20   20   20   21   21   23   24   26   27   28   28   27   26   25
   24   23   22   21   21   20   19   19   20   20   20   20   20   19   17   16
   15   16   17   20   24   30   36   44   50
    62.5-180.0 180.0   5.0 450.0                            LAT/LON1/LON2/DLON/H
   55   62   66   69   70   70   70   70   71   72   74   75   75   74   73   70
   67   62   57   52   46   41   36   32   29   26   24   21   19   17   16   16
   18   19   21   22   23   24   26   27   29   31   32   32   32   31   29   28
   27   25   24   23   22   21   20   21   22   23   24   25   25   24   23   21
   20   20   20   23   27   33   40   48   55
    60.0-180.0 180.0   5.0 450.0                            LAT/LON1/LON2/DLON/H
   60   67   71   74   75   75   74   74   74   75   76   77   77   78   77   75
   73   69   64   58   52   45   39   34   30   26   23   21   18   17   17   18
   20   23   25   27   29   30   32   34   36   38   39   39   38   37   35   33
   31   30   28   26   24   23   22   23   24   26   29   31   31   31   29   27
   26   25   25   27   31   37   45   53   60
    57.5-180.0 180.0   5.0 450.0                            LAT/LON1/LON2/DLON/H
   65   71   76   78   79   79   79   78   78   78   78   78   79   80   80   80
   79   76   71   65   59   51   44   38   33   28   26   24   23   23   24   25
   28   31   33   35   37   39   41   44   47   49   50   49   47   45   43   40
   38   35   33   30   28   26   25   25   27   30   33   35   37   37   35   34
   32   31   31   33   37   43   50   58   65
    55.0-180.0 180.0   5.0 450.0                            LAT/LON1/LON2/DLON/H
   71   76   80   83   84   85   84   83   82   81   80   80   80   81   83   84
   84   82   78   73   66   59   51   44   39   34   32   32   33   34   35   37
   39   41   43   44   47   49   53   56   60   62   62   60   58   55   52   49
   46   42   39   35   32   30   28   29   30   33   36   39   41   41   40   39
   38   37   38   39   43   49   57   64   71
    52.5-180.0 180.0   5.0 450.0                            LAT/LON1/LON2/DLON/H
   77   82   86   89   91   91   91   90   88   86   84   83   83   84   86   88
   88   88   85   81   75   68   61   54   48   44   43   44   46   47   49   50
   51   52   53   54   57   61   65   70   74   76   75   72   68   64   61   57
   54   50   46   42   38   34   33   32   33   36   38   41   43   43   43   42
   42   43   44   46   51   57   64   71   77
    50.0-180.0 180.0   5.0 450.0                            LAT/LON1/LON2/DLON/H
   85   89   93   96   99  100   99   98   95   93   90   88   87   88   90   92
   93   94   92   89   85   79   72   65   59   56   56   58   60   61   62   62
   61   61   61   63   67   72   78   83   87   89   88   84   78   73   69   65
   62   58   54   49   44   40   37   36   36   38   40   42   44   44   44   45
   46   47   50   53   58   65   72   79   85
    47.5-180.0 180.0   5.0 450.0                            LAT/LON1/LON2/DLON/H
   95   99  103  106  109  110  109  107  104  101   98   95   94   94   95   97
   98   99   99   98   95   90   85   79   73   70   70   72   74   74   72   70
   68   67   67   70   75   81   88   94   99  100   98   93   86   81   76   73
   69   66   61   56   50   45   42   40   40   40   42   43   44   45   46   47
   50   52   56   60   66   74   81   89   95
    45.0-180.0 180.0   5.0 450.0                            LAT/LON1/LON2/DLON/H
  106  112  116  119  121  121  119  116  113  110  107  104  102  101  102  102
  104  105  107  107  106  103   98   94   89   86   86   86   85   82   78   74
   72   70   71   74   80   88   95  102  106  107  104   99   92   86   82   78
   75   72   68   62   56   50   46   44   43   43   44   45   46   47   48   51
   54   58   62   68   74   82   91   99  106
    42.5-180.0 180.0   5.0 450.0                            LAT/LON1/LON2/DLON/H
  117  124  129  133  134  133  129  124  120  117  115  113  111  110  109  109
  109  111  114  116  117  115  113  109  105  102  101   98   94   88   81   76
   73   72   73   77   83   91   98  104  108  109  107  102   95   90   86   83
   80   77   73   67   60   54   50   47   46   46   47   48   49   51   52   55
   59   63   68   74   82   91  100  109  117
    40.0-180.0 180.0   5.0 450.0                            LAT/LON1/LON2/DLON/H
  127  135  141  145  146  144  137  130  125  123  122  121  120  119  118  116
  116  117  121  125  127  127  126  124  121  117  113  108  101   91   83   77
   74   73   75   79   84   91   97  103  107  109  107  103   97   91   88   85
   83   80   76   70   64   58   53   50   49   49   50   51   53   55   57   61
   65   69   74   80   88   97  107  118  127
    37.5-180.0 180.0   5.0 450.0                            LAT/LON1/LON2/DLON/H
  133  143  150  155  155  151  143  134  128  126  126  127  128  128  126  124
  123  124  128  132  135  136  135  134  132  128  123  115  105   93   84   78
   76   76   77   80   84   89   94   99  103  106  106  102   97   91   88   86
   84   82   78   72   66   60   55   52   51   51   53   55   57   59   62   66
   70   75   79   85   93  102  113  123  133
    35.0-180.0 180.0   5.0 450.0                            LAT/LON1/LON2/DLON/H
  137  146  154  159  158  154  145  135  129  128  129  132  134  136  136  133
  131  131  134  137  140  140  140  140  138  133  126  117  106   95   86   82
   80   80   81   82   84   86   90   94   99  102  104  101   96   90   86   85
   84   82   78   73   67   61   57   54   53   53   55   57   59   62   66   70
   75   80   84   90   98  107  116  126  137
    32.5-180.0 180.0   5.0 450.0                            LAT/LON1/LON2/DLON/H
  138  148  155  157  156  151  144  136  131  130  132  136  140  144  145  143
  140  138  138  140  140  139  137  137  134  129  122  113  104   95   90   88
   87   87   86   85   84   84   86   90   94   99  101  100   94   88   84   83
   82   81   77   72   67   62   58   54   53   53   55   58   60   63   67   73
   79   84   89   95  102  111  120  129  138
    30.0-180.0 180.0   5.0 450.0                            LAT/LON1/LON2/DLON/H
  142  149  155  155  151  147  142  137  133  133  136  141  146  150  153  152
  148  144  141  139  136  131  128  126  124  119  112  105  100   97   96   96
   96   96   94   89   85   83   83   86   91   96   98   97   92   86   81   80
   80   79   75   71   67   62   57   54   52   53   55   57   59   62   66   73
   81   88   94  100  108  117  125  133  142
    27.5-180.0 180.0   5.0 450.0                            LAT/LON1/LON2/DLON/H
  149  155  158  156  151  146  143  141  140  139  142  146  151  156  159  159
  154  148  142  136  129  121  115  112  109  105  101   98   99  101  104  107
  108  107  103   96   88   83   81   83   88   92   95   94   89   83   79   78
   78   76   73   70   66   62   57   52   51   51   53   55   57   59   64   73
   83   92   99  106  115  124  133  142  149
    25.0-180.0 180.0   5.0 450.0                            LAT/LON1/LON2/DLON/H
  162  167  169  167  162  157  154  152  151  151  151  152  155  158  161  161
  156  148  140  131  121  111  103   98   96   94   93   95  102  110  116  121
  122  121  114  103   92   84   80   81   84   88   90   89   85   81   78   76
   75   73   70   67   65   61   56   51   49   49   51   52   53   56   62   72
   85   96  105  113  123  134  145  155  162
    22.5-180.0 180.0   5.0 450.0                            LAT/LON1/LON2/DLON/H
  181  187  191  194  191  184  177  174  172  169  166  163  161  159  159  157
  152  144  135  126  115  104   94   89   88   89   93  101  112  124  133  137
  138  134  125  111   95   84   79   79   80   82   83   83   80   78   76   74
   72   70   67   65   62   59   54   50   48   48   48   48   50   53   61   73
   88  102  113  122  133  146  160  172  181
    20.0-180.0 180.0   5.0 450.0                            LAT/LON1/LON2/DLON/H
  203  211  220  234  240  231  216  207  203  198  191  182  172  163  157  152
  145  137  129  121  112  102   93   88   89   93  102  115  130  144  152  154
  152  146  134  116   97   85   78   76   76   76   76   76   75   75   74   72
   69   66   64   62   59   56   52   49   48   47   46   45   46   52   62   77
   94  110  122  133  145  159  175  191  203
    17.5-180.0 180.0   5.0 450.0                            LAT/LON1/LON2/DLON/H
  224  236  253  280  297  289  267  253  247  240  228  211  192  173  158  147
  138  130  123  118  113  106   98   95   97  105  118  135  151  164  170  168
  163  153  137  116   97   83   76   73   71   70   69   69   69   70   71   69
   66   63   61   58   56   53   50   49   48   47   45   43   44   51   65   83
  102  120  133  144  157  172  190  209  224
    15.0-180.0 180.0   5.0 450.0                            LAT/LON1/LON2/DLON/H
  243  258  283  322  350  343  317  301  299  294  279  255  225  195  169  149
  135  125  120  120  119  115  109  107  111  121  138  156  171  181  183  178
  168  154  134  112   93   81   75   71   68   66   64   63   63   65   66   65
   63   60   58   55   52   50   48   48   48   47   44   41   42   52   69   90
  112  131  145  157  168  183  203  225  243
    12.5-180.0 180.0   5.0 450.0                            LAT/LON1/LON2/DLON/H
  255  274  303  348  383  379  354  342  347  348  335  308  271  231  192  161
  139  126  123  126  131  129  125  123  127  139  157  174  185  190  189  180
  166  149  127  105   89   80   74   70   66   64   61   59   59   60   61   61
   59   58   56   53   49   47   46   47   48   48   45   41   42   54   74   97
  120  140  155  167  179  193  213  235  255
    10.0-180.0 180.0   5.0 450.0                            LAT/LON1/LON2/DLON/H
  264  282  309  350  385  385  367  365  381  391  384  359  320  273  224  182
  152  135  132  140  147  148  144  141  144  156  173  185  190  191  187  177
  162  143  121  101   88   80   74   71   67   64   61   58   55   55   56   57
   57   56   55   51   47   44   44   46   48   49   46   42   44   58   80  104
  128  148  163  175  186  199  219  242  264
     7.5-180.0 180.0   5.0 450.0                            LAT/LON1/LON2/DLON/H
  268  286  305  333  357  357  348  358  387  411  414  396  361  312  258  208
  171  150  148  159  169  170  165  159  161  171  184  191  190  187  182  173
  158  139  120  103   92   84   77   74   71   68   64   59   54   52   53   54
   56   56   54   51   46   42   42   45   48   50   48   44   47   62   85  110
  132  152  167  179  189  202  222  245  268
     5.0-180.0 180.0   5.0 450.0                            LAT/LON1/LON2/DLON/H
  269  286  295  305  314  311  307  325  362  396  412  408  382  338  284  231
  191  168  167  180  192  193  187  178  176  184  194  194  188  182  179  172
  159  144  129  116  104   92   83   78   76   73   68   61   55   52   52   54
   56   57   55   51   46   42   41   44   47   51   50   48   51   67   91  114
  135  153  167  179  189  202  221  245  269
     2.5-180.0 180.0   5.0 450.0                            LAT/LON1/LON2/DLON/H
  269  285  286  278  271  264  261  279  315  353  379  386  374  342  295  246
  208  186  187  202  215  215  207  196  192  196  202  197  188  183  182  179
  170  160  149  139  124  104   90   84   82   79   73   65   58   53   53   56
   58   59   57   52   47   42   41   42   47   51   52   51   56   73   95  117
  136  151  164  175  185  199  218  243  269
