jplg0060.21i
     1.0            IONOSPHERE MAPS     GPS                 IONEX VERSION / TYPE
GIM V3.0            JPL - GNISD         09-jan-2021 02:28   PGM / RUN BY / DATE 
JPL'S GLOBAL IONOSPHERE MAPS YEAR 2021 DAY 006              COMMENT             
Global Ionospheric Maps (GIM) are generated on an hourly    DESCRIPTION         
and daily basis at JPL using data from up to 100 GPS sites  DESCRIPTION         
of the IGS and others institutions.                         DESCRIPTION         
The vertical TEC is modeled in a solar-geomagnetic          DESCRIPTION         
reference frame using bi-cubic splines on a spherical grid. DESCRIPTION         
A Kalman filter is used to solve simultaneously for         DESCRIPTION         
instrumental biases and VTEC on the grid (as stochastic     DESCRIPTION         
parameters).                                                DESCRIPTION         
Contact Address:  gpsiono@cobra.jpl.nasa.gov .              DESCRIPTION         
  2021     1     6     0     0     0                        EPOCH OF FIRST MAP  
  2021     1     7     0     0     0                        EPOCH OF LAST MAP   
  7200                                                      INTERVAL            
    13                                                      # OF MAPS IN FILE   
  NONE                                                      MAPPING FUNCTION    
    10.0                                                    ELEVATION CUTOFF    
One-way carrier phase leveled to code                       OBSERVABLES USED    
   170                                                      # OF STATIONS       
    31                                                      # OF SATELLITES     
  6371.0                                                    BASE RADIUS         
     2                                                      MAP DIMENSION       
   450.0 450.0   0.0                                        HGT1 / HGT2 / DHGT  
    87.5 -87.5  -2.5                                        LAT1 / LAT2 / DLAT  
  -180.0 180.0   5.0                                        LON1 / LON2 / DLON  
    -1                                                      EXPONENT            
TEC/RMS values in 0.1 TECU; 9999, if no value available     COMMENT             
                                                            END OF HEADER       
[from data line 2145]
     6                                                      START OF TEC MAP    
  2021     1     6    10     0     0                        EPOCH OF CURRENT MAP
    87.5-180.0 180.0   5.0 450.0                            LAT/LON1/LON2/DLON/H
   34   34   34   33   33   33   32   32   31   31   31   30   30   30   29   29
   29   28   28   28   28   27   27   27   27   27   27   27   26   26   26   26
   26   26   26   26   26   26   26   27   27   27   27   27   28   28   28   29
   29   30   30   30   31   31   32   32   33   33   34   34   34   35   35   35
   35   35   35   35   35   35   35   35   34
    85.0-180.0 180.0   5.0 450.0                            LAT/LON1/LON2/DLON/H
   38   37   36   35   35   34   33   32   32   31   30   29   29   28   28   27
   27   26   26   26   25   25   25   25   24   24   24   24   24   24   24   24
   24   24   24   24   24   24   24   24   24   24   24   24   25   25   25   26
   26   27   28   29   30   31   32   33   35   36   37   38   38   39   40   40
   40   40   40   40   40   39   39   38   38
    82.5-180.0 180.0   5.0 450.0                            LAT/LON1/LON2/DLON/H
   41   40   39   38   37   35   34   33   32   31   30   29   28   27   27   26
   25   25   24   24   24   24   24   23   23   23   23   24   24   24   24   25
   25   26   26   26   26   26   26   26   25   25   24   24   23   23   23   23
   23   24   25   26   28   30   31   33   35   37   39   40   41   42   43   44
   44   44   44   44   43   43   42   41   41
    80.0-180.0 180.0   5.0 450.0                            LAT/LON1/LON2/DLON/H
   43   42   41   40   39   38   36   35   34   32   31   30   29   28   27   26
   25   25   25   24   24   24   24   24   24   24   24   25   25   26   26   27
   28   29   29   30   31   31   31   31   30   29   28   27   26   24   23   22
   22   22   23   24   25   27   29   32   34   37   39   41   42   44   45   45
   46   46   46   46   46   45   45   44   43
    77.5-180.0 180.0   5.0 450.0                            LAT/LON1/LON2/DLON/H
   46   45   44   43   42   40   39   37   36   34   33   31   30   29   28   27
   27   27   26   26   26   26   26   26   26   27   27   27   27   28   28   29
   30   32   33   35   36   37   38   38   38   37   36   34   32   30   27   25
   23   22   22   22   23   25   27   29   32   35   37   39   41   42   43   44
   45   45   46   46   46   47   46   46   46
    75.0-180.0 180.0   5.0 450.0                            LAT/LON1/LON2/DLON/H
   47   47   47   46   45   43   42   40   39   37   35   34   32   31   30   30
   29   29   29   29   30   30   30   31   31   30   30   29   29   29   29   30
   32   34   36   39   41   43   45   46   47   46   45   44   42   39   36   32
   29   25   23   22   22   22   24   26   29   31   33   35   37   38   39   40
   41   42   43   44   45   46   47   47   47
    72.5-180.0 180.0   5.0 450.0                            LAT/LON1/LON2/DLON/H
   48   49   49   48   47   46   45   43   42   40   38   37   35   34   33   33
   33   33   33   34   34   35   35   35   35   35   34   33   31   30   29   30
   31   34   37   41   45   48   51   53   55   56   56   55   53   51   47   42
   37   32   28   24   22   22   22   24   26   28   29   31   32   33   33   34
   35   37   38   40   42   44   46   47   48
    70.0-180.0 180.0   5.0 450.0                            LAT/LON1/LON2/DLON/H
   48   49   49   50   49   48   47   46   44   43   41   39   38   37   36   36
   36   36   37   38   39   39   40   39   39   38   37   35   32   29   27   27
   28   32   37   42   47   52   56   60   63   65   66   66   66   64   60   55
   49   42   35   30   26   24   23   23   24   25   26   27   27   28   28   29
   30   31   34   36   39   42   44   46   48
    67.5-180.0 180.0   5.0 450.0                            LAT/LON1/LON2/DLON/H
   47   49   50   50   50   49   49   48   46   45   43   42   41   39   39   38
   38   39   39   41   42   43   42   42   41   40   38   35   32   28   24   23
   25   29   35   42   49   56   61   66   69   73   75   77   77   76   74   68
   61   53   45   38   32   29   26   25   25   25   25   25   25   25   25   25
   26   27   30   33   36   40   43   45   47
    65.0-180.0 180.0   5.0 450.0                            LAT/LON1/LON2/DLON/H
   47   49   50   50   50   50   49   48   47   46   45   44   42   41   40   40
   40   40   41   42   43   44   43   42   40   38   37   34   30   26   22   21
   23   28   35   44   52   59   65   71   76   80   83   86   88   88   86   81
   73   64   55   47   41   37   34   31   29   28   27   26   25   25   24   24
   25   26   28   31   35   38   42   45   47
    62.5-180.0 180.0   5.0 450.0                            LAT/LON1/LON2/DLON/H
   48   50   51   51   51   50   49   48   48   47   46   45   44   42   42   41
   41   41   42   43   43   43   42   40   38   36   34   32   29   26   23   22
   25   31   39   49   57   65   71   77   82   87   91   95   97   98   95   90
   83   74   65   58   52   47   43   40   36   33   31   29   28   28   27   26
   26   27   29   32   35   39   42   45   48
    60.0-180.0 180.0   5.0 450.0                            LAT/LON1/LON2/DLON/H
   50   52   53   53   52   51   50   49   48   47   46   45   44   43   43   42
   42   42   42   43   43   42   40   38   35   33   33   32   30   28   27   28
   32   39   49   58   66   73   78   84   89   95   99  103  106  106  103   98
   91   82   74   68   63   59   54   49   44   39   36   34   33   32   31   30
   30   30   32   34   37   41   44   47   50
    57.5-180.0 180.0   5.0 450.0                            LAT/LON1/LON2/DLON/H
   53   56   57   57   56   54   52   50   48   47   46   45   45   44   44   44
   44   44   43   43   43   42   40   37   34   33   33   34   35   35   37   40
   45   53   62   71   78   83   88   93   98  104  109  112  114  114  110  104
   97   89   82   77   73   70   65   59   52   46   42   39   38   37   36   35
   34   34   35   38   41   44   47   51   53
    55.0-180.0 180.0   5.0 450.0                            LAT/LON1/LON2/DLON/H
   57   60   62   62   61   58   55   52   49   48   46   46   46   46   46   47
   47   46   46   45   44   43   41   38   36   35   37   40   43   46   50   55
   62   70   78   86   91   96   99  103  109  114  119  122  123  121  117  110
  102   94   89   85   82   79   74   68   60   53   47   44   43   42   41   40
   40   39   40   42   45   48   51   54   57
    52.5-180.0 180.0   5.0 450.0                            LAT/LON1/LON2/DLON/H
   61   64   67   68   67   64   60   55   52   49   48   48   48   49   50   51
   51   50   49   48   48   47   45   43   41   42   44   48   54   59   65   71
   79   87   95  101  106  109  112  115  120  125  129  132  132  130  125  117
  108  100   95   92   89   86   81   74   66   58   52   48   46   46   45   45
   45   45   46   47   49   52   55   58   61
    50.0-180.0 180.0   5.0 450.0                            LAT/LON1/LON2/DLON/H
   63   67   71   73   73   69   65   60   55   52   51   51   52   54   55   56
   56   56   55   54   54   54   53   51   50   50   54   59   65   72   79   87
   94  102  109  114  118  121  124  127  131  135  139  141  141  139  133  125
  115  106  100   97   95   91   86   79   71   63   56   52   50   49   49   49
   50   51   52   53   54   56   57   60   63
    47.5-180.0 180.0   5.0 450.0                            LAT/LON1/LON2/DLON/H
   64   68   73   76   77   74   69   64   59   56   55   56   58   60   61   62
   63   64   63   63   63   63   63   61   60   61   64   70   77   84   92   99
  106  113  119  125  130  133  135  138  140  144  146  148  149  148  143  133
  122  112  106  102   99   95   90   83   75   67   61   56   53   52   52   54
   55   56   57   58   59   59   59   61   64
    45.0-180.0 180.0   5.0 450.0                            LAT/LON1/LON2/DLON/H
   62   66   72   77   78   76   72   67   62   60   60   62   66   68   68   69
   71   73   75   76   76   76   75   73   72   72   75   80   86   93  101  108
  115  121  128  134  139  143  146  147  148  149  151  153  156  156  151  141
  129  118  111  106  102   98   92   86   79   71   65   60   57   55   56   58
   60   61   63   63   62   61   60   60   62
    42.5-180.0 180.0   5.0 450.0                            LAT/LON1/LON2/DLON/H
   59   63   69   74   77   76   73   68   65   63   64   69   73   75   75   76
   79   84   89   91   93   92   90   87   85   84   85   89   94  100  108  115
  121  127  134  141  147  152  155  155  153  153  154  156  160  161  158  148
  135  123  115  109  104   99   94   89   82   75   69   64   61   59   60   62
   64   66   66   66   64   62   60   58   59
    40.0-180.0 180.0   5.0 450.0                            LAT/LON1/LON2/DLON/H
   56   59   65   71   74   74   72   68   65   65   68   74   80   82   82   83
   88   96  104  108  110  109  106  101   97   94   94   96  100  106  113  120
  126  132  139  147  155  161  163  162  158  156  155  158  161  164  161  152
  139  127  118  111  105  101   96   91   86   80   74   69   65   63   64   66
   68   69   69   68   66   62   59   57   56
    37.5-180.0 180.0   5.0 450.0                            LAT/LON1/LON2/DLON/H
   54   56   61   67   70   71   69   67   65   66   71   78   84   87   87   89
   97  108  118  124  125  124  119  112  107  102  100  101  105  111  119  125
  130  136  143  153  162  170  172  169  164  159  157  159  161  163  160  152
  142  131  121  113  108  103   99   95   90   85   79   74   70   68   68   70
   71   72   71   69   66   62   59   55   54
    35.0-180.0 180.0   5.0 450.0                            LAT/LON1/LON2/DLON/H
   53   54   58   63   66   67   66   65   65   66   71   79   87   90   92   95
  104  117  128  135  136  132  126  118  111  106  104  105  109  116  125  131
  136  141  149  159  170  179  183  178  170  164  161  161  161  161  158  153
  145  135  125  117  111  107  103  100   96   91   85   80   76   73   73   73
   75   75   73   71   68   64   59   55   53
    32.5-180.0 180.0   5.0 450.0                            LAT/LON1/LON2/DLON/H
   54   54   56   60   62   63   63   63   64   66   71   79   87   92   95   99
  109  122  133  138  138  132  125  117  110  105  103  105  112  122  132  138
  142  146  155  166  179  190  195  190  180  171  167  165  164  162  159  155
  150  141  132  124  118  114  111  108  104   99   93   88   83   79   77   77
   78   78   77   75   72   68   63   58   54
    30.0-180.0 180.0   5.0 450.0                            LAT/LON1/LON2/DLON/H
   58   55   56   58   59   60   61   62   63   66   71   78   86   92   97  102
  111  123  133  135  131  124  116  109  103   98   98  103  113  126  139  146
  149  153  163  176  191  204  209  204  192  181  175  173  171  168  166  164
  160  152  142  133  128  124  121  119  115  109  102   96   91   85   82   81
   82   82   82   81   79   75   69   63   58
    27.5-180.0 180.0   5.0 450.0                            LAT/LON1/LON2/DLON/H
   64   59   57   57   57   58   59   61   63   66   71   77   84   91   97  103
  111  121  128  127  119  110  103   97   92   89   92  100  114  130  145  153
  157  162  173  188  205  219  225  220  206  193  187  185  184  183  182  181
  177  168  156  146  140  137  135  132  127  121  114  107  100   93   88   86
   87   88   90   91   90   87   80   72   64
    25.0-180.0 180.0   5.0 450.0                            LAT/LON1/LON2/DLON/H
   73   65   60   57   56   57   58   61   64   68   71   76   82   89   95  100
  108  116  120  116  106   95   88   84   81   80   85   97  114  133  150  160
  165  172  185  202  219  234  241  236  221  207  201  201  203  206  208  206
  199  187  173  162  155  152  150  147  142  135  127  120  112  104   97   93
   94   96   99  102  104  101   94   84   73
    22.5-180.0 180.0   5.0 450.0                            LAT/LON1/LON2/DLON/H
   83   72   64   59   57   56   58   61   65   69   72   74   79   85   90   96
  102  108  111  105   93   82   77   75   73   74   81   95  114  135  153  165
  172  182  198  216  234  249  256  251  236  222  217  221  228  235  238  234
  223  207  191  179  172  169  167  165  159  151  143  135  127  118  109  103
  103  105  109  114  117  116  109   96   83
    20.0-180.0 180.0   5.0 450.0                            LAT/LON1/LON2/DLON/H
   93   79   69   62   58   57   58   62   66   70   72   73   75   80   84   89
   94   99  101   95   83   74   71   71   70   73   81   96  116  137  156  169
  179  192  210  229  246  260  268  264  250  238  235  241  252  264  268  262
  247  228  210  197  190  186  185  183  178  169  161  154  145  135  124  117
  114  115  118  123  128  128  121  108   93
    17.5-180.0 180.0   5.0 450.0                            LAT/LON1/LON2/DLON/H
  100   86   74   66   61   58   59   63   68   71   71   71   71   73   77   81
   85   90   92   87   78   71   71   72   72   75   83   98  118  139  157  172
  185  201  220  239  255  268  275  273  262  252  252  261  275  288  293  284
  266  245  227  215  207  203  202  201  196  188  180  173  165  154  143  133
  127  125  125  128  133  135  129  116  100
    15.0-180.0 180.0   5.0 450.0                            LAT/LON1/LON2/DLON/H
  105   91   79   69   63   60   60   63   68   71   70   68   66   67   69   73
   77   81   84   81   75   72   73   75   76   79   88  103  121  141  159  175
  191  209  228  247  261  272  280  280  273  266  268  278  292  305  308  298
  279  260  243  232  224  219  218  218  214  207  199  192  184  173  161  149
  140  133  130  130  133  135  130  119  105
    12.5-180.0 180.0   5.0 450.0                            LAT/LON1/LON2/DLON/H
  106   94   82   72   65   61   60   63   68   71   68   64   61   61   63   66
   70   74   77   76   73   73   77   79   80   84   94  108  126  145  162  178
  195  214  234  251  264  274  282  285  282  278  281  291  304  314  314  303
  287  270  257  246  238  232  232  232  230  223  215  208  200  189  177  163
  150  140  132  128  129  130  126  117  106
    10.0-180.0 180.0   5.0 450.0                            LAT/LON1/LON2/DLON/H
  104   95   84   74   66   61   60   63   67   69   65   60   56   55   57   61
   64   68   72   73   73   75   79   82   84   89  100  115  132  149  166  182
  199  218  237  253  264  273  282  289  289  289  293  302  311  316  315  304
  290  278  267  258  248  241  241  243  242  235  227  220  212  201  188  172
  156  142  131  124  122  122  119  113  104
     7.5-180.0 180.0   5.0 450.0                            LAT/LON1/LON2/DLON/H
  101   94   85   75   66   60   58   61   65   66   62   56   51   50   53   57
   61   64   67   70   72   75   80   82   85   92  105  121  138  154  170  185
  201  219  237  253  263  273  283  292  296  298  303  309  315  316  312  303
  292  283  275  266  255  247  247  251  250  244  236  228  219  208  193  175
  157  140  127  119  114  113  111  106  101
     5.0-180.0 180.0   5.0 450.0                            LAT/LON1/LON2/DLON/H
   96   91   84   74   65   59   56   58   61   62   58   52   47   46   50   55
   58   60   64   67   71   75   79   81   84   94  110  126  143  158  173  187
  202  219  236  250  261  271  283  294  301  306  310  315  317  315  309  301
  293  286  280  271  260  251  251  257  258  252  243  234  224  212  196  175
  154  136  124  114  107  104  102  100   96
     2.5-180.0 180.0   5.0 450.0                            LAT/LON1/LON2/DLON/H
   91   87   81   73   65   58   55   55   57   57   53   48   44   44   47   52
   55   57   60   64   69   74   78   80   84   96  113  130  146  161  174  188
  201  216  232  246  258  269  282  296  306  312  316  319  319  315  308  301
  295  290  285  277  265  257  258  264  265  259  250  240  229  216  198  175
  151  134  122  111  103   98   96   94   91
