jplg0120.21i
     1.0            IONOSPHERE MAPS     GPS                 IONEX VERSION / TYPE
GIM V3.0            JPL - GNISD         15-jan-2021 02:28   PGM / RUN BY / DATE 
JPL'S GLOBAL IONOSPHERE MAPS YEAR 2021 DAY 012              COMMENT             
Global Ionospheric Maps (GIM) are generated on an hourly    DESCRIPTION         
and daily basis at JPL using data from up to 100 GPS sites  DESCRIPTION         
of the IGS and others institutions.                         DESCRIPTION         
The vertical TEC is modeled in a solar-geomagnetic          DESCRIPTION         
reference frame using bi-cubic splines on a spherical grid. DESCRIPTION         
A Kalman filter is used to solve simultaneously for         DESCRIPTION         
instrumental biases and VTEC on the grid (as stochastic     DESCRIPTION         
parameters).                                                DESCRIPTION         
Contact Address:  gpsiono@cobra.jpl.nasa.gov .              DESCRIPTION         
  2021     1    12     0     0     0                        EPOCH OF FIRST MAP  
  2021     1    13     0     0     0                        EPOCH OF LAST MAP   
  7200                                                      INTERVAL            
    13                                                      # OF MAPS IN FILE   
  NONE                                                      MAPPING FUNCTION    
    10.0                                                    ELEVATION CUTOFF    
One-way carrier phase leveled to code                       OBSERVABLES USED    
   170                                                      # OF STATIONS       
    31                                                      # OF SATELLITES     
  6371.0                                                    BASE RADIUS         
     2                                                      MAP DIMENSION       
   450.0 450.0   0.0                                        HGT1 / HGT2 / DHGT  
    87.5 -87.5  -2.5                                        LAT1 / LAT2 / DLAT  
  -180.0 180.0   5.0                                        LON1 / LON2 / DLON  
    -1                                                      EXPONENT            
TEC/RMS values in 0.1 TECU; 9999, if no value available     COMMENT             
                                                            END OF HEADER       
[from data line 3003]
     8                                                      START OF TEC MAP    
  2021     1    12    14     0     0                        EPOCH OF CURRENT MAP
    87.5-180.0 180.0   5.0 450.0                            LAT/LON1/LON2/DLON/H
   27   27   27   27   28   28   28   28   28   29   29   29   29   29   29   29
   29   30   30   30   30   30   30   30   30   29   29   29   29   29   29   29
   29   29   28   28   28   28   28   28   27   27   27   27   27   26   26   26
   26   26   25   25   25   25   25   25   25   25   25   25   25   25   25   25
   25   25   25   26   26   26   26   26   27
    85.0-180.0 180.0   5.0 450.0                            LAT/LON1/LON2/DLON/H
   26   27   27   28   28   29   29   30   30   31   31   31   31   31   32   32
   32   32   32   32   31   31   31   31   31   31   31   31   31   31   30   30
   30   30   29   29   29   28   28   28   27   27   26   26   25   25   25   24
   24   24   23   23   23   23   22   22   22   22   22   22   22   22   22   22
   23   23   23   24   24   24   25   25   26
    82.5-180.0 180.0   5.0 450.0                            LAT/LON1/LON2/DLON/H
   26   28   29   30   31   32   32   33   34   34   34   34   35   35   34   34
   34   34   34   34   33   33   33   33   33   33   32   32   32   32   32   32
   31   31   31   30   30   29   29   28   27   26   26   25   24   24   23   23
   22   22   22   21   21   21   21   21   20   20   20   20   20   20   20   20
   21   21   21   22   23   23   24   25   26
    80.0-180.0 180.0   5.0 450.0                            LAT/LON1/LON2/DLON/H
   28   30   31   33   34   35   36   37   37   38   38   38   38   38   38   37
   37   37   36   36   36   35   35   35   35   34   34   34   34   34   34   33
   33   33   32   32   31   30   29   28   27   26   26   25   24   23   22   22
   21   21   21   20   20   20   20   20   20   20   20   20   20   20   20   20
   20   20   21   22   22   24   25   26   28
    77.5-180.0 180.0   5.0 450.0                            LAT/LON1/LON2/DLON/H
   30   32   34   36   37   38   39   40   40   40   40   40   40   40   40   40
   40   40   40   39   39   38   38   37   37   37   37   36   36   36   36   36
   35   35   34   34   33   32   31   29   28   27   26   25   24   23   22   21
   21   21   21   21   21   21   21   22   22   22   22   22   22   22   22   22
   21   22   22   22   23   25   26   28   30
    75.0-180.0 180.0   5.0 450.0                            LAT/LON1/LON2/DLON/H
   32   35   37   39   40   41   41   41   41   41   41   41   42   42   43   43
   43   43   43   43   42   42   41   41   40   40   40   39   39   39   39   38
   38   38   37   36   35   34   32   31   30   28   27   26   24   23   23   22
   22   22   22   23   23   24   24   25   25   25   25   25   25   25   25   25
   25   25   25   25   25   27   28   30   32
    72.5-180.0 180.0   5.0 450.0                            LAT/LON1/LON2/DLON/H
   34   37   39   40   41   42   41   41   41   41   41   42   43   44   45   46
   46   46   46   45   46   45   45   45   44   44   44   43   43   42   42   42
   41   40   40   38   37   36   35   34   32   31   30   28   27   25   25   24
   24   24   25   26   26   27   27   28   28   28   28   29   29   29   29   29
   29   28   28   28   28   29   30   32   34
    70.0-180.0 180.0   5.0 450.0                            LAT/LON1/LON2/DLON/H
   36   38   40   41   42   42   41   40   40   40   40   42   43   45   46   46
   46   46   47   47   48   49   49   48   48   48   48   48   47   46   46   45
   44   43   42   41   40   39   38   37   36   35   34   32   31   29   27   27
   26   26   27   28   29   29   29   29   29   29   29   30   31   31   32   33
   33   32   32   31   31   31   32   34   36
    67.5-180.0 180.0   5.0 450.0                            LAT/LON1/LON2/DLON/H
   37   39   40   42   42   42   41   40   39   39   40   41   43   44   44   44
   44   44   46   48   50   51   52   52   52   52   52   52   52   51   50   49
   48   46   45   44   43   42   41   41   40   40   39   38   35   33   31   29
   28   28   28   29   29   29   29   28   27   26   26   27   29   31   33   35
   36   36   36   35   34   33   33   35   37
    65.0-180.0 180.0   5.0 450.0                            LAT/LON1/LON2/DLON/H
   38   40   41   43   43   42   41   40   38   38   39   40   41   41   41   40
   39   40   43   46   50   52   53   54   55   56   57   57   57   56   55   53
   51   50   48   46   45   44   44   45   45   45   45   43   41   38   35   32
   30   29   28   28   27   27   25   23   20   18   18   19   22   27   31   35
   38   39   39   38   37   35   35   36   38
    62.5-180.0 180.0   5.0 450.0                            LAT/LON1/LON2/DLON/H
   39   42   44   45   45   44   42   40   38   37   37   37   38   37   36   34
   34   36   40   44   49   52   55   56   58   60   61   63   63   61   60   57
   55   53   50   49   47   47   47   48   49   50   50   48   45   42   37   34
   30   28   26   25   24   22   20   16   13   10    9   11   15   21   28   34
   39   42   43   42   40   38   37   38   39
    60.0-180.0 180.0   5.0 450.0                            LAT/LON1/LON2/DLON/H
   43   45   48   49   48   47   45   42   39   37   35   35   34   33   31   30
   30   32   37   43   49   53   56   58   60   63   66   68   68   67   65   62
   59   56   53   51   50   50   50   52   54   55   54   52   49   44   39   35
   30   27   25   23   21   19   16   12    7    5    5    5   11   18   27   34
   41   45   47   46   44   41   40   40   43
    57.5-180.0 180.0   5.0 450.0                            LAT/LON1/LON2/DLON/H
   48   51   54   54   54   52   49   45   41   37   34   33   31   30   28   27
   28   31   37   43   49   54   57   60   63   67   70   73   74   73   70   67
   63   59   56   54   53   53   54   56   58   58   58   55   51   46   41   36
   32   28   25   23   21   19   16   12    8    5    5    7   13   21   29   37
   45   50   52   51   48   45   43   44   48
    55.0-180.0 180.0   5.0 450.0                            LAT/LON1/LON2/DLON/H
   53   57   60   62   61   58   55   50   44   39   35   33   31   29   27   27
   29   33   39   46   52   57   60   63   67   70   74   78   79   78   76   72
   68   64   60   58   58   58   60   61   62   62   61   58   54   49   44   39
   34   31   28   27   26   25   23   20   17   15   16   19   25   31   38   44
   51   56   58   56   52   48   47   49   53
    52.5-180.0 180.0   5.0 450.0                            LAT/LON1/LON2/DLON/H
   58   64   67   68   68   66   62   56   50   44   39   36   33   31   30   30
   33   38   45   51   57   61   64   67   71   75   79   83   84   83   81   77
   73   69   67   65   65   66   67   68   68   67   64   61   57   52   47   43
   40   37   36   35   36   36   36   36   35   35   37   41   46   49   52   56
   59   63   64   61   56   52   51   53   58
    50.0-180.0 180.0   5.0 450.0                            LAT/LON1/LON2/DLON/H
   62   68   71   73   73   72   69   64   59   53   47   42   38   36   35   36
   39   44   51   58   63   67   69   72   76   80   84   87   89   88   85   82
   78   76   75   75   75   76   76   76   74   72   69   65   61   57   54   50
   48   47   47   48   49   51   53   55   57   60   64   68   71   71   69   68
   69   70   69   65   60   55   54   57   62
    47.5-180.0 180.0   5.0 450.0                            LAT/LON1/LON2/DLON/H
   64   69   72   74   76   76   75   72   68   63   58   52   48   45   43   43
   46   52   59   65   70   73   76   79   82   86   90   92   93   91   88   86
   84   84   85   86   86   87   86   84   81   78   74   71   68   65   62   59
   58   58   59   61   63   66   70   74   79   84   89   94   95   92   86   81
   79   77   74   69   63   58   57   59   64
    45.0-180.0 180.0   5.0 450.0                            LAT/LON1/LON2/DLON/H
   64   67   69   71   74   76   77   77   76   73   69   64   60   56   52   51
   54   59   66   73   77   81   83   86   89   93   96   97   96   93   90   88
   89   91   94   96   98   97   95   92   88   84   81   79   76   74   71   68
   67   68   70   72   75   79   84   89   96  102  109  113  113  108  100   92
   87   83   78   72   65   60   58   60   64
    42.5-180.0 180.0   5.0 450.0                            LAT/LON1/LON2/DLON/H
   61   62   63   64   67   71   75   78   80   80   79   76   72   68   63   60
   61   66   73   79   84   88   91   94   98  101  103  102   98   94   91   91
   93   97  102  106  108  107  103   99   95   91   88   86   85   83   79   76
   74   75   77   79   83   87   92   98  105  112  118  123  123  118  110  100
   92   86   80   73   66   61   59   60   61
    40.0-180.0 180.0   5.0 450.0                            LAT/LON1/LON2/DLON/H
   58   57   56   56   59   63   69   74   79   84   86   86   84   79   73   69
   69   73   80   86   91   95   99  102  106  109  110  106  101   95   92   92
   96  101  108  112  115  114  110  106  101   97   95   93   92   90   87   82
   79   78   80   82   86   91   96  102  108  114  120  124  125  122  114  104
   95   88   81   73   66   61   59   58   58
    37.5-180.0 180.0   5.0 450.0                            LAT/LON1/LON2/DLON/H
   55   53   50   49   50   54   60   67   75   83   88   92   93   89   83   78
   77   81   87   93   98  102  106  109  113  115  115  111  104   98   95   95
   98  104  110  116  120  120  117  112  107  103  100   99   98   96   92   86
   82   80   80   82   86   92   98  103  108  112  116  120  122  121  115  106
   96   88   80   72   66   61   58   57   55
    35.0-180.0 180.0   5.0 450.0                            LAT/LON1/LON2/DLON/H
   54   51   47   45   44   47   52   60   69   79   88   95   99   98   93   87
   87   90   95  100  104  108  111  114  117  119  118  114  107  102   99   99
  101  106  112  119  125  127  125  120  115  110  106  102  101   99   96   90
   84   82   82   83   87   92   98  102  106  108  111  113  116  117  113  105
   95   86   78   71   65   60   58   56   54
    32.5-180.0 180.0   5.0 450.0                            LAT/LON1/LON2/DLON/H
   54   51   48   44   42   42   46   53   63   74   86   96  103  104  101   97
   97  101  106  108  110  112  113  115  117  119  118  115  111  109  107  106
  107  110  116  124  132  136  135  131  125  118  112  106  104  103  100   95
   90   88   87   87   89   93   99  103  105  105  105  106  109  110  108  101
   93   84   76   69   63   60   57   56   54
    30.0-180.0 180.0   5.0 450.0                            LAT/LON1/LON2/DLON/H
   56   54   51   47   43   42   43   49   58   70   83   95  104  108  107  106
  109  114  117  117  115  113  112  112  114  115  116  116  117  118  118  117
  117  120  125  134  143  150  150  146  138  129  120  113  109  108  106  102
   99   99   98   96   95   97  102  105  106  104  102  101  101  103  101   97
   89   81   74   67   63   60   58   57   56
    27.5-180.0 180.0   5.0 450.0                            LAT/LON1/LON2/DLON/H
   57   57   55   52   47   43   44   48   56   68   80   93  103  110  112  114
  119  125  127  125  120  114  110  108  109  111  114  118  124  131  135  135
  135  137  142  151  161  168  169  164  155  144  133  123  118  116  116  114
  114  116  116  110  104  103  106  109  108  105  101   97   96   96   95   91
   86   79   72   66   63   61   59   58   57
    25.0-180.0 180.0   5.0 450.0                            LAT/LON1/LON2/DLON/H
   59   60   59   56   51   47   45   48   56   67   78   89  100  109  114  119
  128  135  136  131  123  115  108  104  105  108  114  123  136  149  157  161
  162  163  166  173  182  188  189  184  174  163  151  141  133  129  129  130
  133  137  136  127  116  111  113  114  112  108  102   96   93   91   90   87
   83   77   70   66   64   62   60   59   59
    22.5-180.0 180.0   5.0 450.0                            LAT/LON1/LON2/DLON/H
   60   61   61   59   54   50   48   50   57   66   75   84   94  105  113  122
  133  141  143  137  127  116  107  103  103  109  119  134  152  171  184  192
  195  195  195  198  204  208  209  204  196  185  175  164  153  146  144  146
  151  157  156  144  129  121  120  120  117  112  106   99   93   90   88   86
   82   76   70   66   65   64   63   61   60
    20.0-180.0 180.0   5.0 450.0                            LAT/LON1/LON2/DLON/H
   61   62   62   60   56   52   49   51   57   65   71   78   88  100  111  123
  135  145  146  140  130  118  109  104  107  115  130  150  173  196  214  225
  230  228  224  222  224  225  225  223  218  211  201  190  176  166  161  162
  168  174  173  159  142  132  129  127  123  118  111  104   98   94   90   87
   83   77   71   67   67   67   65   62   61
    17.5-180.0 180.0   5.0 450.0                            LAT/LON1/LON2/DLON/H
   62   61   62   61   57   53   50   50   55   62   67   73   82   94  108  122
  136  146  149  144  134  123  114  110  115  126  145  169  195  220  241  255
  260  257  249  242  238  237  238  239  238  235  227  215  199  185  177  177
  180  185  183  170  153  142  137  134  130  125  119  112  106  101   96   91
   86   79   73   70   70   70   67   64   62
    15.0-180.0 180.0   5.0 450.0                            LAT/LON1/LON2/DLON/H
   62   60   60   60   57   53   49   49   53   58   63   68   77   91  106  122
  136  147  151  148  140  130  122  121  127  141  162  188  215  241  262  277
  282  277  267  255  247  244  247  252  255  254  247  234  216  201  192  188
  188  191  189  177  163  152  145  140  135  131  126  121  116  110  103   97
   90   82   76   72   72   72   70   65   62
    12.5-180.0 180.0   5.0 450.0                            LAT/LON1/LON2/DLON/H
   61   58   58   58   56   52   48   47   50   54   58   64   75   90  106  123
  137  148  154  154  149  141  135  135  143  158  180  205  230  253  273  287
  292  288  277  263  251  248  253  262  268  268  260  245  227  213  204  197
  194  193  190  181  169  159  151  145  139  135  132  129  125  119  111  103
   95   86   79   75   75   74   72   67   61
    10.0-180.0 180.0   5.0 450.0                            LAT/LON1/LON2/DLON/H
   61   56   56   56   55   50   46   45   46   50   55   62   74   90  108  125
  140  152  161  164  162  156  153  155  163  176  195  217  238  257  274  286
  292  290  281  267  254  251  258  268  275  273  262  246  231  220  213  205
  198  194  190  182  173  163  154  146  141  138  137  135  132  126  118  109
   99   90   82   78   77   76   73   68   61
     7.5-180.0 180.0   5.0 450.0                            LAT/LON1/LON2/DLON/H
   61   55   54   54   53   49   45   43   44   47   52   61   75   92  111  129
  144  158  171  178  178  175  174  177  184  195  209  225  241  256  269  280
  287  287  282  270  258  256  264  273  277  272  259  242  229  224  219  211
  202  195  189  181  173  164  154  145  140  139  139  139  136  130  123  113
  103   93   84   80   78   77   74   69   61
     5.0-180.0 180.0   5.0 450.0                            LAT/LON1/LON2/DLON/H
   61   54   52   53   51   47   44   42   42   45   51   61   76   95  115  133
  149  165  182  193  196  196  197  201  206  212  220  230  240  251  261  272
  280  283  282  273  263  262  270  277  277  268  252  234  224  223  222  215
  206  198  188  179  171  161  151  143  139  138  140  140  138  133  126  117
  106   95   86   81   79   77   75   69   61
     2.5-180.0 180.0   5.0 450.0                            LAT/LON1/LON2/DLON/H
   62   56   53   52   50   47   44   42   42   45   51   61   76   96  118  138
  156  174  193  207  213  215  218  222  225  226  228  233  239  246  256  266
  275  281  282  277  270  269  275  279  275  262  244  227  219  220  221  217
  210  201  189  177  168  158  148  140  137  138  140  141  139  135  128  120
  109   98   88   82   79   77   74   70   62
