jplg0120.21i
     1.0            IONOSPHERE MAPS     GPS                 IONEX VERSION / TYPE
GIM V3.0            JPL - GNISD         15-jan-2021 02:28   PGM / RUN BY / DATE 
JPL'S GLOBAL IONOSPHERE MAPS YEAR 2021 DAY 012              COMMENT             
Global Ionospheric Maps (GIM) are generated on an hourly    DESCRIPTION         
and daily basis at JPL using data from up to 100 GPS sites  DESCRIPTION         
of the IGS and others institutions.                         DESCRIPTION         
The vertical TEC is modeled in a solar-geomagnetic          DESCRIPTION         
reference frame using bi-cubic splines on a spherical grid. DESCRIPTION         
A Kalman filter is used to solve simultaneously for         DESCRIPTION         
instrumental biases and VTEC on the grid (as stochastic     DESCRIPTION         
parameters).                                                DESCRIPTION         
Contact Address:  gpsiono@cobra.jpl.nasa.gov .              DESCRIPTION         
  2021     1    12     0     0     0                        EPOCH OF FIRST MAP  
  2021     1    13     0     0     0                        EPOCH OF LAST MAP   
  7200                                                      INTERVAL            
    13                                                      # OF MAPS IN FILE   
  NONE                                                      MAPPING FUNCTION    
    10.0                                                    ELEVATION CUTOFF    
One-way carrier phase leveled to code                       OBSERVABLES USED    
   170                                                      # OF STATIONS       
    31                                                      # OF SATELLITES     
  6371.0                                                    BASE RADIUS         
     2                                                      MAP DIMENSION       
   450.0 450.0   0.0                                        HGT1 / HGT2 / DHGT  
    87.5 -87.5  -2.5                                        LAT1 / LAT2 / DLAT  
  -180.0 180.0   5.0                                        LON1 / LON2 / DLON  
    -1                                                      EXPONENT            
TEC/RMS values in 0.1 TECU; 9999, if no value available     COMMENT             
                                                            END OF HEADER       
[from data line 4290]
    11                                                      START OF TEC MAP    
  2021     1    12    20     0     0                        EPOCH OF CURRENT MAP
    87.5-180.0 180.0   5.0 450.0                            LAT/LON1/LON2/DLON/H
   35   35   35   35   36   36   36   36   36   36   36   36   36   36   35   35
   35   34   34   34   33   33   32   32   31   31   31   30   30   30   29   29
   29   28   28   28   28   28   28   28   28   28   28   28   28   29   29   29
   29   29   29   30   30   30   30   30   31   31   31   31   31   32   32   32
   32   33   33   33   33   34   34   34   35
    85.0-180.0 180.0   5.0 450.0                            LAT/LON1/LON2/DLON/H
   36   37   38   39   39   40   41   41   42   42   42   42   42   42   41   41
   40   39   38   37   36   35   34   33   32   31   30   29   28   28   27   27
   26   26   26   25   25   25   25   26   26   26   26   27   27   27   28   28
   28   29   29   29   29   30   30   30   30   30   31   31   31   31   32   32
   32   32   33   33   34   34   35   36   36
    82.5-180.0 180.0   5.0 450.0                            LAT/LON1/LON2/DLON/H
   36   37   39   40   41   43   44   46   47   48   49   49   49   49   48   47
   46   45   43   41   40   38   36   34   32   31   30   28   27   26   25   25
   24   24   24   24   24   24   24   24   25   25   26   26   27   27   28   28
   29   29   29   30   30   30   30   30   30   30   30   30   30   30   30   30
   31   31   31   32   32   33   34   35   36
    80.0-180.0 180.0   5.0 450.0                            LAT/LON1/LON2/DLON/H
   34   35   37   39   42   44   47   49   51   54   55   56   57   57   56   55
   54   52   49   47   44   41   39   36   34   32   30   28   27   26   25   24
   23   23   23   23   23   23   23   24   25   25   26   27   28   28   29   29
   30   30   30   30   30   30   30   30   30   29   29   29   29   29   28   28
   28   29   29   29   30   30   31   32   34
    77.5-180.0 180.0   5.0 450.0                            LAT/LON1/LON2/DLON/H
   30   32   34   37   40   43   47   51   54   58   61   63   64   65   65   64
   62   59   56   53   49   46   42   39   36   34   31   30   28   27   25   25
   24   23   23   23   23   23   23   24   25   26   27   27   28   29   30   30
   30   31   31   31   30   30   30   29   28   28   27   27   27   26   26   26
   26   26   26   26   26   27   27   28   30
    75.0-180.0 180.0   5.0 450.0                            LAT/LON1/LON2/DLON/H
   26   28   30   34   37   41   46   50   55   60   64   67   70   72   72   71
   69   67   63   59   55   50   46   42   39   36   33   31   29   27   26   25
   25   24   24   23   23   23   24   24   25   26   27   28   28   29   30   30
   30   30   30   30   29   29   28   27   26   26   25   24   24   24   24   24
   24   24   24   24   24   24   24   25   26
    72.5-180.0 180.0   5.0 450.0                            LAT/LON1/LON2/DLON/H
   24   26   28   32   36   40   45   50   55   60   65   70   74   76   78   78
   76   73   70   65   60   55   51   47   43   39   35   32   29   28   26   26
   25   25   25   24   24   24   24   24   25   25   26   27   27   28   28   29
   29   29   28   28   27   27   26   25   24   23   22   22   21   21   21   22
   22   22   22   22   22   22   22   23   24
    70.0-180.0 180.0   5.0 450.0                            LAT/LON1/LON2/DLON/H
   24   27   30   33   37   41   45   49   54   60   65   70   75   79   82   82
   82   79   75   71   66   61   56   52   47   42   38   33   30   27   25   25
   25   25   25   25   25   25   24   24   24   25   25   25   26   26   26   27
   27   27   26   26   25   25   24   22   21   20   19   19   18   19   19   20
   21   22   22   23   22   22   22   23   24
    67.5-180.0 180.0   5.0 450.0                            LAT/LON1/LON2/DLON/H
   27   31   35   39   42   45   48   51   55   60   65   71   76   80   84   85
   85   83   79   75   70   66   62   57   52   47   41   35   30   26   23   22
   23   24   25   25   25   25   24   24   23   23   23   23   23   24   24   25
   25   25   24   24   23   23   22   20   19   18   16   16   16   16   18   19
   21   23   24   24   24   24   24   25   27
    65.0-180.0 180.0   5.0 450.0                            LAT/LON1/LON2/DLON/H
   32   37   42   47   50   53   54   56   58   61   66   71   76   81   85   87
   87   86   82   78   74   71   67   63   57   51   45   37   31   25   21   20
   20   22   23   24   24   24   24   23   22   22   22   22   22   22   23   23
   23   23   23   22   22   21   20   19   17   16   14   13   14   15   17   19
   22   25   27   27   28   27   28   29   32
    62.5-180.0 180.0   5.0 450.0                            LAT/LON1/LON2/DLON/H
   38   45   51   57   61   62   63   63   63   65   68   73   77   82   86   89
   89   87   84   81   78   75   73   69   63   57   49   41   33   25   21   19
   19   20   22   23   23   23   23   22   22   21   21   21   21   22   22   23
   23   23   22   22   22   21   21   19   17   15   13   12   13   14   17   20
   24   28   30   32   32   31   31   34   38
    60.0-180.0 180.0   5.0 450.0                            LAT/LON1/LON2/DLON/H
   44   52   60   67   71   72   72   71   70   71   73   76   80   84   88   90
   91   90   87   84   82   80   78   74   69   62   54   45   36   28   22   19
   19   20   21   22   23   23   22   22   22   22   22   22   22   23   24   24
   24   24   24   23   23   23   23   22   19   17   15   14   14   16   19   23
   28   32   35   37   36   35   35   38   44
    57.5-180.0 180.0   5.0 450.0                            LAT/LON1/LON2/DLON/H
   48   57   67   75   80   82   81   80   78   78   79   81   84   87   90   93
   94   93   91   88   85   84   82   79   74   67   60   51   41   33   27   23
   21   21   22   23   24   24   24   24   24   24   24   25   25   26   27   27
   27   27   27   27   27   28   28   27   24   22   20   19   20   21   24   28
   32   37   40   41   40   39   38   41   48
    55.0-180.0 180.0   5.0 450.0                            LAT/LON1/LON2/DLON/H
   52   62   73   81   87   90   90   89   87   86   85   86   88   91   93   96
   98   98   95   92   89   87   85   82   78   72   65   57   48   40   33   28
   26   25   25   26   26   26   27   27   28   28   29   29   30   31   31   32
   32   32   32   33   34   36   36   35   33   30   29   29   29   30   32   34
   37   41   44   45   44   41   41   44   52
    52.5-180.0 180.0   5.0 450.0                            LAT/LON1/LON2/DLON/H
   56   66   77   87   93   97   98   98   96   94   93   92   93   95   98  101
  103  104  101   98   94   91   88   85   81   77   71   64   56   47   40   35
   32   31   31   31   32   32   32   33   33   34   34   35   35   36   37   38
   38   39   41   42   45   46   47   46   44   42   41   42   43   43   42   42
   43   46   48   48   46   44   43   47   56
    50.0-180.0 180.0   5.0 450.0                            LAT/LON1/LON2/DLON/H
   60   71   82   91   98  103  106  107  106  103  101   99   99  100  103  106
  109  110  108  104   99   94   91   88   85   81   76   70   62   54   48   43
   40   38   39   39   39   39   39   40   40   40   40   41   41   42   43   44
   46   48   50   53   56   59   60   58   56   54   55   57   58   57   54   51
   50   50   51   50   47   45   46   51   60
    47.5-180.0 180.0   5.0 450.0                            LAT/LON1/LON2/DLON/H
   65   76   87   96  104  109  114  116  115  113  109  106  105  106  108  111
  114  116  114  110  104   99   95   91   88   85   81   75   67   59   53   49
   47   46   47   48   48   48   47   47   46   46   46   47   47   48   49   51
   53   56   60   64   68   71   72   70   67   66   68   71   73   70   65   59
   56   54   53   51   48   47   48   55   65
    45.0-180.0 180.0   5.0 450.0                            LAT/LON1/LON2/DLON/H
   71   82   92  101  109  115  121  124  125  123  118  114  112  112  114  116
  119  121  121  117  111  105  100   96   92   88   84   78   70   62   56   53
   53   54   56   58   58   56   55   53   52   51   52   52   53   54   55   57
   60   64   69   74   78   81   82   79   76   75   78   82   85   82   75   67
   61   57   55   52   50   49   53   60   71
    42.5-180.0 180.0   5.0 450.0                            LAT/LON1/LON2/DLON/H
   78   89   99  107  114  120  127  133  136  134  130  125  122  120  120  121
  123  126  126  124  119  114  108  102   97   92   87   80   71   63   58   56
   58   61   64   66   66   64   61   58   56   55   56   57   58   59   61   63
   66   70   75   81   85   88   88   85   81   80   84   89   93   90   83   74
   66   61   57   54   52   53   58   67   78
    40.0-180.0 180.0   5.0 450.0                            LAT/LON1/LON2/DLON/H
   87   97  106  113  118  124  132  141  147  148  144  139  134  131  128  127
  128  130  132  131  128  123  117  110  103   96   89   81   71   63   59   59
   62   66   70   72   72   69   65   61   59   58   59   60   61   63   64   66
   69   73   78   84   89   91   91   87   83   82   86   92   97   95   88   79
   71   64   60   57   56   58   65   75   87
    37.5-180.0 180.0   5.0 450.0                            LAT/LON1/LON2/DLON/H
   96  106  114  119  123  128  137  148  158  162  161  157  150  144  138  134
  133  134  136  137  135  131  124  116  107   99   91   82   72   64   61   62
   66   71   75   77   76   73   68   64   61   61   61   63   64   65   67   69
   71   74   79   85   89   92   91   87   83   81   85   92   98   97   91   82
   74   67   63   60   60   64   73   84   96
    35.0-180.0 180.0   5.0 450.0                            LAT/LON1/LON2/DLON/H
  106  116  123  126  127  129  138  153  167  176  179  176  169  160  152  144
  140  139  141  141  140  135  128  119  110  101   92   83   74   67   65   66
   70   75   78   80   80   76   71   66   63   62   63   64   65   67   68   70
   71   73   77   83   88   90   89   85   81   79   82   90   96   96   91   83
   75   69   65   64   65   71   81   94  106
    32.5-180.0 180.0   5.0 450.0                            LAT/LON1/LON2/DLON/H
  116  126  132  133  130  129  137  153  171  185  193  193  187  177  166  156
  149  145  144  143  140  135  127  118  109  101   93   85   78   73   72   73
   76   79   82   84   83   80   75   69   66   64   64   65   66   68   70   71
   71   71   74   79   85   87   86   83   78   76   79   86   92   93   89   82
   74   69   66   66   70   77   89  103  116
    30.0-180.0 180.0   5.0 450.0                            LAT/LON1/LON2/DLON/H
  125  135  141  140  134  128  132  148  169  187  200  204  200  192  180  169
  158  151  146  142  137  130  121  113  106  100   94   89   85   83   82   82
   83   85   88   89   88   85   79   74   69   67   66   67   68   70   71   72
   70   68   70   75   80   83   83   80   75   73   75   81   87   87   84   77
   71   66   64   66   72   82   96  111  125
    27.5-180.0 180.0   5.0 450.0                            LAT/LON1/LON2/DLON/H
  132  144  151  150  140  129  128  140  159  179  195  205  207  202  192  180
  167  157  148  140  131  122  113  106  102   99   97   95   94   95   95   95
   94   94   95   96   94   91   85   79   73   70   69   69   71   73   75   74
   70   66   65   70   76   79   79   76   72   70   72   76   81   81   78   72
   66   62   61   65   72   84  100  117  132
    25.0-180.0 180.0   5.0 450.0                            LAT/LON1/LON2/DLON/H
  138  152  161  162  151  136  129  135  149  165  182  195  204  204  199  188
  176  162  150  137  126  114  104   99   99  101  102  104  108  111  112  110
  107  105  105  105  102   98   91   84   78   74   73   73   75   78   79   77
   71   63   60   64   70   74   75   73   69   67   68   71   74   74   71   65
   60   57   58   62   71   85  103  121  138
    22.5-180.0 180.0   5.0 450.0                            LAT/LON1/LON2/DLON/H
  142  159  173  179  171  154  141  139  145  154  167  181  194  201  201  194
  182  167  152  137  122  109  100   97  100  106  112  118  125  130  131  127
  122  119  116  115  111  105   98   90   83   79   78   79   81   83   83   80
   71   61   56   60   66   70   70   69   66   64   65   67   68   68   65   60
   55   53   55   60   70   86  105  125  142
    20.0-180.0 180.0   5.0 450.0                            LAT/LON1/LON2/DLON/H
  147  166  186  200  200  186  170  159  154  153  157  169  184  195  200  196
  186  172  156  139  122  108  100  100  107  117  127  137  146  151  151  146
  139  132  127  124  119  112  104   95   88   84   83   83   85   87   86   81
   71   59   53   56   61   65   66   65   63   62   62   63   63   63   60   56
   52   50   53   60   71   87  107  128  147
    17.5-180.0 180.0   5.0 450.0                            LAT/LON1/LON2/DLON/H
  152  174  201  225  234  229  216  201  184  169  162  167  179  191  198  198
  189  176  159  142  126  112  106  109  119  132  144  157  168  173  172  165
  154  144  137  131  126  118  109  100   93   88   86   86   87   87   86   80
   70   58   52   54   58   61   62   61   61   60   60   59   60   59   57   54
   51   50   54   62   75   92  112  133  152
    15.0-180.0 180.0   5.0 450.0                            LAT/LON1/LON2/DLON/H
  159  183  216  248  270  276  269  253  230  205  185  178  182  192  198  198
  191  178  163  146  131  119  115  121  134  148  163  178  189  194  191  181
  168  154  143  136  130  123  114  105   97   91   87   84   83   82   81   76
   67   57   51   53   57   59   59   59   59   59   58   57   57   57   56   54
   52   52   56   66   81   99  119  139  159
    12.5-180.0 180.0   5.0 450.0                            LAT/LON1/LON2/DLON/H
  168  193  229  268  299  317  319  306  282  250  221  203  196  198  202  200
  191  178  164  149  136  127  127  136  150  165  181  197  208  211  206  195
  179  161  146  139  134  127  118  109  101   93   85   77   73   73   72   70
   64   57   53   54   56   57   57   58   59   59   58   56   56   57   57   55
   54   55   60   72   88  107  128  148  168
    10.0-180.0 180.0   5.0 450.0                            LAT/LON1/LON2/DLON/H
  178  203  238  278  315  341  353  347  325  293  258  231  215  209  207  201
  190  176  162  150  141  136  139  151  166  181  197  211  221  223  217  205
  188  167  150  142  138  132  123  114  105   94   81   68   62   62   63   63
   61   57   55   56   57   58   58   59   60   60   58   56   56   58   58   58
   57   58   64   77   95  115  136  157  178
     7.5-180.0 180.0   5.0 450.0                            LAT/LON1/LON2/DLON/H
  186  212  245  281  316  345  362  364  350  322  288  256  233  221  214  203
  188  172  159  150  145  145  152  166  180  194  209  222  231  232  226  214
  196  173  155  146  142  136  128  119  109   96   78   61   52   53   56   58
   59   59   59   60   60   60   60   62   62   62   59   58   58   60   61   62
   61   62   68   82  101  122  143  165  186
     5.0-180.0 180.0   5.0 450.0                            LAT/LON1/LON2/DLON/H
  193  219  248  279  308  333  351  357  349  329  302  272  247  231  220  205
  186  169  157  150  149  154  165  180  194  206  219  231  238  240  235  224
  206  183  163  153  148  142  134  125  115  100   79   59   49   50   53   56
   59   62   64   65   64   63   64   66   65   64   61   59   60   63   65   66
   66   66   71   84  103  124  147  170  193
     2.5-180.0 180.0   5.0 450.0                            LAT/LON1/LON2/DLON/H
  197  223  250  275  296  315  328  334  331  317  297  274  253  237  224  207
  186  168  157  153  155  164  179  195  208  218  228  237  244  246  244  234
  218  195  174  163  156  149  140  131  122  109   88   67   58   56   58   59
   62   66   70   70   67   66   68   70   69   66   62   61   62   65   68   70
   69   69   73   85  102  123  147  171  197
