jplg0120.21i
     1.0            IONOSPHERE MAPS     GPS                 IONEX VERSION / TYPE
GIM V3.0            JPL - GNISD         15-jan-2021 02:28   PGM / RUN BY / DATE 
JPL'S GLOBAL IONOSPHERE MAPS YEAR 2021 DAY 012              COMMENT             
Global Ionospheric Maps (GIM) are generated on an hourly    DESCRIPTION         
and daily basis at JPL using data from up to 100 GPS sites  DESCRIPTION         
of the IGS and others institutions.                         DESCRIPTION         
The vertical TEC is modeled in a solar-geomagnetic          DESCRIPTION         
reference frame using bi-cubic splines on a spherical grid. DESCRIPTION         
A Kalman filter is used to solve simultaneously for         DESCRIPTION         
instrumental biases and VTEC on the grid (as stochastic     DESCRIPTION         
parameters).                                                DESCRIPTION         
Contact Address:  gpsiono@cobra.jpl.nasa.gov .              DESCRIPTION         
  2021     1    12     0     0     0                        EPOCH OF FIRST MAP  
  2021     1    13     0     0     0                        EPOCH OF LAST MAP   
  7200                                                      INTERVAL            
    13                                                      # OF MAPS IN FILE   
  NONE                                                      MAPPING FUNCTION    
    10.0                                                    ELEVATION CUTOFF    
One-way carrier phase leveled to code                       OBSERVABLES USED    
   170                                                      # OF STATIONS       
    31                                                      # OF SATELLITES     
  6371.0                                                    BASE RADIUS         
     2                                                      MAP DIMENSION       
   450.0 450.0   0.0                                        HGT1 / HGT2 / DHGT  
    87.5 -87.5  -2.5                                        LAT1 / LAT2 / DLAT  
  -180.0 180.0   5.0                                        LON1 / LON2 / DLON  
    -1                                                      EXPONENT            
TEC/RMS values in 0.1 TECU; 9999, if no value available     COMMENT             
                                                            END OF HEADER       
[from data line 3432]
     9                                                      START OF TEC MAP    
  2021     1    12    16     0     0                        EPOCH OF CURRENT MAP
    87.5-180.0 180.0   5.0 450.0                            LAT/LON1/LON2/DLON/H
   29   29   30   30   30   30   30   30   30   30   30   30   30   30   30   30
   30   30   30   30   30   30   29   29   29   29   29   29   29   29   29   28
   28   28   28   28   28   28   28   27   27   27   27   27   27   27   27   26
   26   26   26   26   26   26   26   26   26   27   27   27   27   27   27   27
   28   28   28   28   28   29   29   29   29
    85.0-180.0 180.0   5.0 450.0                            LAT/LON1/LON2/DLON/H
   30   30   31   31   31   31   32   32   32   32   32   32   32   32   32   32
   32   32   31   31   31   31   30   30   30   30   30   29   29   29   29   29
   29   29   28   28   28   28   27   27   27   26   26   26   25   25   25   25
   24   24   24   24   24   24   24   24   24   25   25   25   25   26   26   26
   27   27   28   28   28   29   29   30   30
    82.5-180.0 180.0   5.0 450.0                            LAT/LON1/LON2/DLON/H
   30   30   31   31   32   32   33   33   34   34   35   35   35   35   35   35
   34   34   33   33   32   32   31   31   31   30   30   30   30   30   30   30
   30   29   29   29   29   28   28   27   26   26   25   25   24   24   23   23
   22   22   22   22   22   22   22   22   22   23   23   23   24   24   25   25
   26   27   27   28   28   29   29   30   30
    80.0-180.0 180.0   5.0 450.0                            LAT/LON1/LON2/DLON/H
   29   30   30   31   32   32   33   34   35   36   37   38   38   39   39   38
   38   37   37   36   35   34   33   32   32   32   31   31   31   31   31   31
   31   30   30   30   29   28   28   27   26   25   24   23   23   22   22   21
   21   21   21   21   21   21   21   21   21   21   22   22   23   23   24   25
   25   26   27   28   28   28   29   29   29
    77.5-180.0 180.0   5.0 450.0                            LAT/LON1/LON2/DLON/H
   28   29   29   30   30   32   33   35   36   38   40   41   42   43   43   43
   43   42   41   40   39   37   36   35   34   34   33   33   33   32   32   32
   32   31   31   30   29   28   27   26   25   24   23   22   22   21   21   20
   20   20   20   21   21   21   21   21   21   21   21   22   22   23   24   24
   25   26   27   28   28   28   28   28   28
    75.0-180.0 180.0   5.0 450.0                            LAT/LON1/LON2/DLON/H
   28   27   27   28   29   30   32   34   36   39   41   43   45   46   47   47
   47   47   46   45   43   42   40   39   37   37   36   35   35   34   34   33
   33   32   31   30   29   28   27   26   24   23   22   21   21   20   20   21
   21   21   22   22   22   23   23   22   22   22   22   22   22   23   23   25
   26   27   28   29   29   29   28   28   28
    72.5-180.0 180.0   5.0 450.0                            LAT/LON1/LON2/DLON/H
   27   27   26   27   28   29   31   33   35   38   40   43   45   47   49   51
   51   52   51   50   49   47   45   44   42   41   40   39   38   37   36   35
   34   32   31   29   28   27   26   25   24   23   22   21   21   21   21   22
   22   23   24   24   25   25   25   24   23   23   22   22   22   22   23   25
   27   28   30   31   31   30   29   28   27
    70.0-180.0 180.0   5.0 450.0                            LAT/LON1/LON2/DLON/H
   29   27   27   27   27   28   29   31   33   36   38   41   44   47   49   52
   54   55   56   55   55   53   51   49   48   46   44   43   42   41   39   38
   35   33   31   30   28   27   26   25   24   23   22   22   21   22   22   23
   24   25   26   27   27   27   26   25   24   23   21   21   20   21   23   25
   27   30   32   33   33   32   31   30   29
    67.5-180.0 180.0   5.0 450.0                            LAT/LON1/LON2/DLON/H
   31   29   28   28   27   28   28   30   31   33   35   38   41   44   48   52
   55   57   59   60   60   60   58   56   54   52   50   48   47   45   43   41
   38   35   33   31   29   28   27   27   26   25   24   23   23   23   24   25
   26   27   28   28   28   27   26   24   23   21   19   18   18   19   21   24
   27   30   33   35   36   35   34   33   31
    65.0-180.0 180.0   5.0 450.0                            LAT/LON1/LON2/DLON/H
   34   33   31   30   29   29   29   29   29   31   32   34   38   41   46   51
   55   59   62   65   66   66   65   63   61   59   57   54   52   50   48   45
   41   38   36   34   32   31   31   30   29   28   26   25   24   24   25   26
   27   28   28   28   27   25   24   22   20   18   16   15   15   16   18   22
   26   31   34   37   38   38   38   36   34
    62.5-180.0 180.0   5.0 450.0                            LAT/LON1/LON2/DLON/H
   39   37   35   34   32   31   30   30   29   30   30   32   35   40   45   50
   55   61   65   69   71   72   72   71   69   67   64   61   59   56   53   49
   45   42   39   38   37   36   36   35   33   31   30   28   26   26   26   27
   27   27   27   26   25   23   21   19   17   15   13   12   12   13   16   20
   25   30   35   38   41   42   42   40   39
    60.0-180.0 180.0   5.0 450.0                            LAT/LON1/LON2/DLON/H
   44   42   40   39   37   36   34   32   31   30   31   33   36   40   45   51
   57   63   69   73   77   79   79   78   77   74   71   68   66   62   58   54
   49   46   44   43   42   42   42   40   39   36   33   31   29   28   27   27
   27   27   26   25   23   22   20   19   17   15   13   12   12   14   16   20
   25   31   36   40   43   45   46   45   44
    57.5-180.0 180.0   5.0 450.0                            LAT/LON1/LON2/DLON/H
   50   48   47   45   44   42   39   37   34   33   34   35   39   44   49   55
   62   68   73   78   82   84   85   85   83   81   79   76   73   69   65   59
   54   50   48   48   48   48   48   47   44   41   37   34   31   30   29   29
   28   28   27   25   24   24   24   23   22   21   19   18   18   19   21   24
   29   34   39   43   46   49   51   51   50
    55.0-180.0 180.0   5.0 450.0                            LAT/LON1/LON2/DLON/H
   55   54   54   53   52   50   47   43   40   38   38   40   44   50   56   62
   68   74   79   84   87   89   90   90   89   88   86   84   81   77   71   66
   60   56   54   54   54   55   54   53   50   46   42   38   34   32   32   31
   31   31   30   30   30   31   33   35   36   35   33   31   30   30   31   33
   36   40   43   46   50   53   55   56   55
    52.5-180.0 180.0   5.0 450.0                            LAT/LON1/LON2/DLON/H
   60   60   60   61   61   59   55   51   47   45   46   48   52   58   64   70
   76   81   86   90   93   94   95   94   94   93   93   91   88   84   79   72
   66   62   60   60   60   60   60   58   56   51   46   42   38   36   36   36
   37   37   38   38   40   44   49   54   57   56   54   51   49   48   47   48
   48   49   50   51   53   55   58   60   60
    50.0-180.0 180.0   5.0 450.0                            LAT/LON1/LON2/DLON/H
   63   64   66   68   69   68   64   59   55   54   55   57   61   67   73   78
   84   89   93   96   98   99   99   98   98   98   98   97   94   91   86   80
   74   69   67   66   66   66   65   63   61   57   52   47   43   42   41   43
   45   46   48   49   53   59   68   76   81   80   77   73   70   67   66   64
   63   61   58   56   55   57   60   62   63
    47.5-180.0 180.0   5.0 450.0                            LAT/LON1/LON2/DLON/H
   64   66   69   72   74   73   70   66   64   64   65   68   71   76   81   86
   91   96  100  102  104  104  104  103  102  102  102  102  100   96   92   87
   82   77   75   73   72   71   70   68   66   62   57   53   49   48   48   50
   53   56   59   61   66   75   87   97  103  103   98   93   89   86   83   81
   77   72   66   60   57   57   60   62   64
    45.0-180.0 180.0   5.0 450.0                            LAT/LON1/LON2/DLON/H
   63   65   68   71   73   74   72   70   70   73   76   78   81   84   87   91
   96  101  105  109  111  111  110  109  107  106  106  105  103  101   98   94
   90   86   83   81   79   77   75   73   70   66   62   59   56   55   55   58
   62   65   69   72   78   88  102  114  120  119  114  108  104  100   97   93
   88   81   72   63   58   57   59   61   63
    42.5-180.0 180.0   5.0 450.0                            LAT/LON1/LON2/DLON/H
   61   63   64   66   68   69   69   71   75   81   86   89   90   92   93   95
   99  105  111  115  118  119  118  116  113  111  108  106  105  104  102  101
   98   95   92   89   86   82   80   77   74   71   68   65   63   62   62   64
   68   72   75   79   85   96  110  122  128  126  120  114  110  107  104  100
   94   85   75   65   59   57   58   60   61
    40.0-180.0 180.0   5.0 450.0                            LAT/LON1/LON2/DLON/H
   59   59   59   59   60   61   62   67   76   87   95   98   99   99   98   99
  102  108  115  122  126  128  127  124  120  115  110  108  106  106  106  106
  105  102   99   96   92   88   85   82   79   76   73   71   70   69   68   69
   72   74   77   81   88  100  113  124  129  126  120  114  110  107  105  101
   94   85   74   66   60   58   58   59   59
    37.5-180.0 180.0   5.0 450.0                            LAT/LON1/LON2/DLON/H
   57   56   54   52   51   51   54   62   76   91  102  107  108  106  103  102
  105  111  120  128  133  136  135  131  125  119  113  109  107  107  109  110
  110  108  105  102   98   94   90   87   84   81   79   77   76   74   73   72
   73   74   77   81   88   99  112  122  124  120  114  109  105  103  102   98
   91   82   72   66   61   59   59   59   57
    35.0-180.0 180.0   5.0 450.0                            LAT/LON1/LON2/DLON/H
   57   54   50   47   44   43   46   57   74   93  108  115  116  113  109  107
  109  115  124  132  139  142  141  136  129  121  115  111  109  109  111  113
  113  113  111  108  105  101   97   93   89   87   85   83   81   79   77   75
   74   74   75   79   86   97  109  116  117  112  106  101   98   98   96   93
   86   77   69   65   63   62   61   59   57
    32.5-180.0 180.0   5.0 450.0                            LAT/LON1/LON2/DLON/H
   56   53   49   45   41   39   41   53   73   95  112  121  123  120  116  113
  114  119  127  136  141  143  141  135  128  122  118  114  112  113  114  116
  118  119  118  116  113  109  104  100   96   93   92   90   88   85   82   79
   76   73   74   77   84   94  104  110  109  103   97   93   92   91   91   87
   79   71   66   65   65   64   62   60   56
    30.0-180.0 180.0   5.0 450.0                            LAT/LON1/LON2/DLON/H
   56   52   49   46   42   38   40   51   72   96  116  126  129  127  123  120
  121  125  131  137  141  141  137  130  125  122  120  119  118  119  121  124
  126  128  129  127  124  119  113  108  104  101  100   99   96   93   89   84
   80   76   75   78   84   92   99  103  101   95   89   87   86   86   85   81
   74   67   64   65   66   66   64   60   56
    27.5-180.0 180.0   5.0 450.0                            LAT/LON1/LON2/DLON/H
   56   52   50   48   44   40   41   52   72   96  117  130  134  134  131  129
  128  131  134  137  138  135  130  123  119  121  124  126  127  129  132  136
  141  144  145  143  139  132  124  118  113  111  110  109  107  104   99   93
   87   81   78   80   84   90   96   98   94   87   82   81   82   82   81   76
   69   63   62   64   67   66   64   60   56
    25.0-180.0 180.0   5.0 450.0                            LAT/LON1/LON2/DLON/H
   55   52   51   51   47   44   44   53   72   96  117  131  137  139  138  137
  137  138  138  138  134  129  122  116  115  121  130  136  139  144  150  157
  163  166  167  164  157  147  137  130  124  122  122  123  122  118  112  104
   96   89   85   85   87   91   94   94   89   82   77   77   78   79   77   73
   66   61   61   64   66   66   63   59   55
    22.5-180.0 180.0   5.0 450.0                            LAT/LON1/LON2/DLON/H
   54   51   51   51   49   47   47   55   72   95  116  132  139  143  145  147
  147  146  143  138  131  123  115  110  113  123  137  148  156  165  176  185
  191  194  192  186  176  164  153  144  138  135  136  139  139  134  125  115
  105   97   93   91   92   93   94   92   86   79   75   74   76   76   75   71
   65   60   60   63   66   65   62   58   54
    20.0-180.0 180.0   5.0 450.0                            LAT/LON1/LON2/DLON/H
   53   50   50   51   50   48   49   57   73   95  116  132  141  147  153  157
  158  156  149  140  129  120  112  110  115  129  147  163  176  190  204  216
  222  222  217  208  195  182  170  161  154  150  151  155  155  147  136  124
  113  105  101  100   99   98   96   92   86   79   74   74   75   75   74   70
   66   62   61   63   65   64   61   57   53
    17.5-180.0 180.0   5.0 450.0                            LAT/LON1/LON2/DLON/H
   52   49   49   49   48   48   51   60   75   96  117  133  144  152  161  167
  169  166  157  143  130  119  113  113  122  138  159  178  196  214  232  244
  249  246  238  226  212  199  188  179  170  164  164  167  166  156  143  129
  118  112  110  110  109  105  101   95   87   80   76   74   75   75   74   72
   68   65   63   63   64   64   61   56   52
    15.0-180.0 180.0   5.0 450.0                            LAT/LON1/LON2/DLON/H
   52   48   47   47   47   48   52   62   78   99  120  137  149  159  170  178
  181  178  166  149  134  123  118  121  132  150  172  193  214  234  253  265
  267  261  250  237  225  214  205  197  187  179  175  175  170  157  142  128
  119  116  118  120  118  113  106   98   90   84   79   76   75   76   76   75
   73   69   65   64   65   65   62   57   52
    12.5-180.0 180.0   5.0 450.0                            LAT/LON1/LON2/DLON/H
   52   48   46   45   45   47   53   65   82  103  125  142  156  168  180  189
  193  190  177  159  142  130  127  132  145  163  184  206  227  248  265  274
  275  267  255  243  234  227  221  213  203  191  182  176  165  150  135  123
  118  119  124  129  127  121  112  102   94   88   83   79   77   77   79   79
   78   74   68   65   66   66   63   58   52
    10.0-180.0 180.0   5.0 450.0                            LAT/LON1/LON2/DLON/H
   53   49   46   45   45   47   54   67   86  108  131  149  164  178  190  199
  204  202  190  172  155  142  139  147  161  178  196  215  235  253  267  274
  274  267  255  245  240  237  233  227  215  200  186  173  156  139  126  117
  115  120  129  136  134  126  116  106   98   92   87   82   79   80   83   84
   83   79   72   67   67   68   65   59   53
     7.5-180.0 180.0   5.0 450.0                            LAT/LON1/LON2/DLON/H
   54   50   47   45   45   46   53   68   90  114  137  157  173  188  199  209
  215  215  205  189  171  158  156  164  179  193  207  223  239  253  264  270
  270  264  254  246  243  243  241  236  225  208  189  169  148  130  118  112
  114  121  132  139  138  130  119  109  101   96   91   85   82   84   88   90
   89   83   75   69   68   69   66   60   54
     5.0-180.0 180.0   5.0 450.0                            LAT/LON1/LON2/DLON/H
   55   51   48   46   45   46   53   69   93  119  144  165  182  197  208  217
  225  228  221  207  191  177  173  182  196  207  217  228  240  251  260  265
  267  263  255  248  246  246  246  242  232  215  194  169  145  126  116  112
  115  123  133  140  139  131  121  111  104  100   95   89   85   88   93   95
   93   87   78   72   70   70   66   61   55
     2.5-180.0 180.0   5.0 450.0                            LAT/LON1/LON2/DLON/H
   56   53   50   48   47   47   53   70   95  123  150  172  190  204  216  225
  234  239  236  226  210  195  191  199  212  220  225  233  242  251  259  266
  270  269  261  253  249  248  248  245  238  222  201  176  150  132  122  118
  119  125  133  139  138  132  123  113  107  104   99   92   89   93   99  100
   97   90   82   75   72   70   66   61   56
